mut	control	eql_notG4	eql_G4	diff_notG4	diff_G4	logOR	chisq	p
HepG2_SRFBP1	ENCSR997HCQ	90379	3233	2264	192	1.24534643969	88768.1157642	0.0
HepG2_SDAD1	ENCSR521WAI	82557	2710	734	14	-0.78325554118	83777.5981917	0.0
K562_RBM25	ENCSR344XID	74097	2145	1086	30	-0.0675522123907	74026.3365001	0.0
HepG2_HNRNPAB	ENCSR279HMU	84314	2998	711	27	0.0948816689026	85842.2388568	0.0
K562_TRA2A	ENCSR129RWD	80782	2811	716	22	-0.179505652744	82123.5183469	0.0
HepG2_EXOSC5	ENCSR521WAI	82130	2710	602	15	-0.405184539767	83610.4955913	0.0
K562_HNRNPL	ENCSR031RRO	82306	3007	1370	47	-0.0907704941284	82502.538546	0.0
K562_SUPV3L1	ENCSR661HEL	78073	2714	1372	47	-0.0211448332374	77973.924491	0.0
HepG2_SMNDC1	ENCSR491FOC	87200	3074	812	35	0.290086164621	88587.959788	0.0
K562_FASTKD2	ENCSR084SCN	78780	2526	613	17	-0.209377549727	80050.8842629	0.0
K562_GEMIN5	ENCSR661HEL	79242	2755	778	38	0.490442237619	80373.162562	0.0
HepG2_KHSRP	ENCSR237YZT	88659	3290	1061	30	-0.392210744188	89779.9707556	0.0
K562_RTF1	ENCSR815CVQ	81772	3004	735	29	0.103030764024	83254.886439	0.0
K562_EIF3D	ENCSR661HEL	78540	2711	1186	57	0.477532299335	78784.1077454	0.0
HepG2_ABCF1	ENCSR067GHD	87879	3282	1086	55	0.439422634776	88893.3423748	0.0
HepG2_CEBPZ	ENCSR067GHD	86810	3263	696	25	-0.0654969564141	88636.7717281	0.0
K562_EIF4A3	ENCSR913CAE	77985	2934	3741	60	-1.23006177513	73497.6856205	0.0
HepG2_HSPD1	ENCSR246RRQ	88836	3316	944	28	-0.331659604831	90218.267678	0.0
K562_HNRNPK	ENCSR129RWD	79041	2619	1475	37	-0.401532638781	78664.0479903	0.0
HepG2_ESF1	ENCSR067GHD	87237	3262	905	25	-0.436806321479	88648.5801051	0.0
HepG2_PUM1	ENCSR042QTH	88969	3149	1163	49	0.251411536843	89709.9651641	0.0
HepG2_SRSF9	ENCSR603TCV	86753	3172	1234	57	0.33721230716	87361.5770512	0.0
K562_SART3	ENCSR419JMU	81198	2934	1139	38	-0.115121101776	81794.469414	0.0
HepG2_CELF1	ENCSR042QTH	87613	3143	999	38	0.0845174209227	88693.8504487	0.0
HepG2_DDX3X	ENCSR237YZT	88418	3270	1213	43	-0.0611215201078	89193.2065007	0.0
K562_CPEB4	ENCSR031RRO	84009	3105	817	31	0.0378827627627	85426.2549471	0.0
HepG2_FTO	ENCSR264TUE	83004	2973	1515	46	-0.238350628405	82883.3637196	0.0
HepG2_DDX1	ENCSR305XWT	84956	2860	575	19	-0.0268618434567	86632.0179442	0.0
K562_GLRX3	ENCSR174OYC	82302	3079	812	27	-0.170054697878	83711.2480407	0.0
K562_FAM120A	ENCSR661HEL	78210	2652	595	18	-0.164620453722	79640.648767	0.0
K562_SLTM	ENCSR084SCN	78062	2450	625	23	0.229616348217	79221.2199536	0.0
K562_DROSHA	ENCSR164MUK	83375	3046	1305	37	-0.365753716469	83757.8755288	0.0
K562_NUSAP1	ENCSR572FFX	78194	2853	602	23	0.0664485378368	79801.8200967	0.0
HepG2_HNRNPUL1	ENCSR104ABF	81025	2786	1114	41	0.0981184397694	81516.9195851	0.0
HepG2_ADAR	ENCSR305XWT	84169	2840	641	25	0.209001785296	85682.1016895	0.0
K562_BCLAF1	ENCSR245BNJ	80629	2842	863	43	0.499368375046	81668.8875849	0.0
HepG2_BOP1	ENCSR264TUE	82402	3009	1473	51	-0.0767930309948	82390.1954303	0.0
HepG2_RBM22	ENCSR997HCQ	90077	3301	1456	73	0.4522136545	90345.1490685	0.0
HepG2_EIF3G	ENCSR003EKR	86585	3071	662	22	-0.0939190917298	88293.2190344	0.0
K562_PUF60	ENCSR620PUP	86680	3265	2648	70	-0.510860133315	84591.3949051	0.0
HepG2_SF1	ENCSR104ABF	81684	2860	1574	68	0.303209479192	81291.9467866	0.0
K562_FXR2	ENCSR081EST	71840	1909	440	15	0.359429224308	72841.8127403	0.0
K562_TAF15	ENCSR942UNX	74790	2235	527	15	-0.0702699089994	75944.8141221	0.0
HepG2_RCC2	ENCSR674KEK	87513	3102	1045	45	0.280792622162	88448.1312364	0.0
HepG2_SRSF5	ENCSR042QTH	90804	3244	554	19	-0.0589045263095	92905.4912656	0.0
K562_NFX1	ENCSR815CVQ	81299	3005	624	23	-0.00403955198962	83014.9654715	0.0
HepG2_AARS	ENCSR856ZRV	87883	3161	501	14	-0.364180692628	90016.9180871	0.0
HepG2_EXOSC9	ENCSR003EKR	86218	3081	699	13	-0.942190418034	87880.721894	0.0
K562_QKI	ENCSR344XID	76936	2310	634	16	-0.25064496285	77951.3353728	0.0
K562_SUGP2	ENCSR164MUK	81702	2930	1736	49	-0.345442563259	81099.7058949	0.0
HepG2_EIF3D	ENCSR689PHN	84379	3053	699	25	-0.0167079603968	85989.9952688	0.0
K562_RAVER1	ENCSR344XID	73022	1942	895	21	-0.180710371945	73143.1967248	0.0
HepG2_DAZAP1	ENCSR042QTH	90611	3230	535	25	0.390541239743	92724.3523313	0.0
HepG2_HNRNPM	ENCSR067GHD	85816	3210	1021	28	-0.447810774597	86940.3916335	0.0
K562_CCAR2	ENCSR620PUP	88714	3341	748	31	0.138111757621	90503.5944671	0.0
HepG2_EEF2	ENCSR689PHN	84860	3097	1142	52	0.319234173282	85585.2415216	0.0
HepG2_BCCIP	ENCSR856ZRV	86640	3162	740	21	-0.3629400676	88286.459875	0.0
K562_MATR3	ENCSR129RWD	80846	2796	908	16	-0.972808357562	81804.289516	0.0
HepG2_HNRNPF	ENCSR105NML	91045	3334	500	24	0.390431996221	93333.9186603	0.0
K562_EIF3A	ENCSR667PLJ	74129	2709	1430	50	-0.0637374909765	73906.508545	0.0
HepG2_TARDBP	ENCSR264TUE	84340	3071	1195	34	-0.355895457427	84970.3081889	0.0
K562_SSB	ENCSR084SCN	78205	2459	741	20	-0.220284428953	79149.183715	0.0
HepG2_NUSAP1	ENCSR674KEK	87845	3116	698	34	0.457572649154	89502.9171664	0.0
K562_ATP5C1	ENCSR143COQ	84025	3183	1194	28	-0.69187262376	84781.213116	0.0
HepG2_SRSF5	ENCSR491FOC	89313	3147	398	24	0.775158979284	91617.9566143	0.0
K562_MBNL1	ENCSR143COQ	85031	3225	1363	37	-0.48249864213	85478.2726339	0.0
K562_NONO	ENCSR661HEL	78782	2750	787	40	0.542070788038	79886.4436267	0.0
HepG2_CIRBP	ENCSR237YZT	86775	3103	995	42	0.239308565422	87815.9775861	0.0
K562_MAGOH	ENCSR129RWD	80182	2753	1605	42	-0.391838270831	79673.7679786	0.0
HepG2_BUD13	ENCSR067GHD	87220	3266	684	23	-0.155228264422	89077.5260626	0.0
K562_AGO2	ENCSR898NWE	75744	2327	1084	23	-0.533998589968	75872.7408506	0.0
K562_NCBP2	ENCSR913CAE	80615	2925	854	39	0.331849734839	81763.5669019	0.0
K562_SBDS	ENCSR419JMU	81364	2971	1046	34	-0.167834198871	82188.8362702	0.0
HepG2_TAF15	ENCSR603TCV	87040	3043	1237	36	-0.264592465911	87555.0059621	0.0
K562_SMN1	ENCSR419JMU	80884	2924	1023	34	-0.121288459518	81707.3339894	0.0
HepG2_SRSF4	ENCSR853AOV	86700	3203	906	33	-0.0204368304659	88034.807537	0.0
HepG2_SRSF7	ENCSR603TCV	89216	3313	828	22	-0.482962981075	90836.830632	0.0
K562_METAP2	ENCSR424QCW	76584	2589	1071	31	-0.223970310263	76984.3487398	0.0
HepG2_SUB1	ENCSR491FOC	85568	2868	683	25	0.127068862876	87025.6695978	0.0
K562_PAPOLA	ENCSR942UNX	72766	2171	734	21	-0.0604859542408	73434.6070846	0.0
K562_TBRG4	ENCSR344XID	75383	2090	636	13	-0.439778873813	76180.4467395	0.0
K562_SAFB	ENCSR341TTW	77946	2795	1123	38	-0.083659897932	78435.6961586	0.0
HepG2_PABPC1	ENCSR279HMU	84025	2994	1111	42	0.085346832414	84728.279104	0.0
HepG2_FUBP3	ENCSR376RJN	84220	3155	932	33	-0.0813410601093	85455.6589161	0.0
HepG2_ATP5C1	ENCSR067GHD	87977	3309	776	25	-0.223397442732	89691.0335769	0.0
K562_TRIM56	ENCSR572FFX	77807	2855	1001	24	-0.613926453977	78625.0797829	0.0
HepG2_PUS1	ENCSR538QOG	89359	3352	872	31	-0.0774690275611	90913.7960109	0.0
HepG2_NONO	ENCSR856ZRV	87419	3144	902	40	0.30221822392	88688.8158529	0.0
K562_TARDBP	ENCSR129RWD	81990	2824	918	34	0.104748464697	82920.6877239	0.0
HepG2_PPIG	ENCSR246RRQ	88783	3315	814	31	0.0285140091867	90415.7529898	0.0
HepG2_EIF4G1	ENCSR042QTH	88224	3083	824	24	-0.262773648559	89618.8828774	0.0
HepG2_SND1	ENCSR491FOC	87423	3083	687	34	0.488902644244	89069.7736417	0.0
HepG2_FIP1L1	ENCSR067GHD	87411	3285	1209	44	-0.0463173430808	88207.3112798	0.0
HepG2_XPO5	ENCSR279HMU	84226	3015	963	39	0.178045976086	85248.5149613	0.0
K562_SDAD1	ENCSR341TTW	79549	2816	770	27	-0.0137025777656	80778.7121456	0.0
K562_RECQL	ENCSR942UNX	76206	2436	428	10	-0.452220338589	77768.4448511	0.0
K562_PA2G4	ENCSR661HEL	79130	2737	680	26	0.144606199412	80461.0905343	0.0
HepG2_PA2G4	ENCSR689PHN	80637	2957	1038	23	-0.726792954723	81485.5405553	0.0
HepG2_DDX59	ENCSR264TUE	85245	3044	1212	41	-0.0780470266986	85800.7842592	0.0
K562_RPS3	ENCSR772DUM	76328	2610	1807	55	-0.167930399934	75257.9381805	0.0
HepG2_HLTF	ENCSR491FOC	85720	2731	700	29	0.378900514094	86999.0242314	0.0
K562_UBE2L3	ENCSR620PUP	89365	3346	937	35	-0.00342166388008	90777.1906374	0.0
HepG2_DROSHA	ENCSR481WJH	71912	2237	990	19	-0.696761828864	72144.7905347	0.0
K562_DDX51	ENCSR661HEL	79444	2760	664	35	0.601441677774	80811.9936115	0.0
HepG2_HNRNPF	ENCSR305XWT	86796	2962	644	24	0.127030634363	88426.9727479	0.0
HepG2_SF3B1	ENCSR264TUE	83213	2905	2144	130	0.796477485686	81631.0581554	0.0
HepG2_RPLP0	ENCSR674KEK	88463	3122	694	20	-0.292332031682	90162.5726139	0.0
K562_CELF1	ENCSR620PUP	88988	3298	697	32	0.308932652528	90833.7697554	0.0
HepG2_GRSF1	ENCSR279HMU	85396	3008	838	28	-0.076159489045	86680.4840211	0.0
K562_HNRNPF	ENCSR572FFX	80700	2930	504	26	0.506755898384	82573.3783747	0.0
K562_TAF15	ENCSR344XID	76928	2208	457	14	0.0940012909326	78196.8036314	0.0
K562_DDX21	ENCSR163JUC	84894	3194	474	12	-0.57155437311	87118.691632	0.0
K562_ZC3H8	ENCSR718EWL	86223	3222	1042	38	-0.0351676881916	87298.040679	0.0
K562_SUPT6H	ENCSR164MUK	81564	2966	1783	43	-0.59248420718	80917.6000181	0.0
K562_AUH	ENCSR718EWL	86983	3275	594	8	-1.48315246508	89058.0759208	0.0
K562_DDX52	ENCSR661HEL	79320	2754	573	25	0.329549073999	80882.3662391	0.0
HepG2_LSM11	ENCSR674KEK	87572	3011	779	17	-0.655861629274	88998.025605	0.0
HepG2_PCBP2	ENCSR491FOC	86579	2998	1185	38	-0.110798981431	87147.7006567	0.0
K562_GRWD1	ENCSR572FFX	77956	2804	556	20	8.8834078201e-05	79612.1081724	0.0
HepG2_XRN2	ENCSR856ZRV	85270	3096	827	33	0.136211480213	86654.3724901	0.0
K562_SYNCRIP	ENCSR341TTW	78713	2747	1198	45	0.106114014556	78992.9705473	0.0
HepG2_SUGP2	ENCSR246RRQ	88718	3300	825	27	-0.184673893851	90321.8926893	0.0
K562_CKAP4	ENCSR324WIS	83012	2998	936	34	0.00834573706684	84080.939438	0.0
K562_AKAP8	ENCSR143COQ	84050	3192	1110	32	-0.397628698449	84972.9799335	0.0
K562_DDX19B	ENCSR143COQ	86096	3233	771	30	0.0513043450222	87734.1827766	0.0
HepG2_ZRANB2	ENCSR491FOC	86748	3066	791	32	0.194867009745	88175.546613	0.0
HepG2_PHF6	ENCSR674KEK	87106	3057	660	23	-0.0101766181475	88802.1738491	0.0
HepG2_PNPT1	ENCSR279HMU	84588	2983	763	29	0.108058876743	85994.1643374	0.0
K562_ASCC1	ENCSR913CAE	80266	2951	566	30	0.527745530591	82029.2961607	0.0
K562_EIF2S1	ENCSR913CAE	81557	3029	663	30	0.284920760357	83205.6868429	0.0
K562_FMR1	ENCSR424QCW	76909	2563	1168	38	-0.0346499948976	77078.3015603	0.0
K562_LARP7	ENCSR572FFX	78258	2730	762	29	0.125599191861	79413.7276707	0.0
HepG2_NKRF	ENCSR246RRQ	88450	3285	851	33	0.062275664928	89975.5191948	0.0
K562_HNRNPU	ENCSR438MDN	83763	3148	809	26	-0.225750506445	85249.0282252	0.0
HepG2_MAGOH	ENCSR237YZT	87109	3223	2330	56	-0.622413626905	85623.296073	0.0
HepG2_MATR3	ENCSR237YZT	87729	3255	1682	53	-0.23571716045	87547.111427	0.0
K562_DDX55	ENCSR572FFX	75901	2624	829	34	0.246513818041	76808.4949881	0.0
C4-2B_ZFX	ENCSR142YZV	94650	3526	408	10	-0.603999120926	97341.7870929	0.0
HepG2_SUPT6H	ENCSR067GHD	86326	3240	878	35	0.0869353105355	87749.3080032	0.0
K562_RBFOX2	ENCSR667PLJ	76093	2862	729	24	-0.192144338352	77456.1853563	0.0
HepG2_PCBP1	ENCSR603TCV	87680	3236	1550	72	0.331836786699	87701.0027533	0.0
K562_RCC2	ENCSR572FFX	76370	2764	869	24	-0.390073363213	77358.0965827	0.0
K562_EXOSC9	ENCSR815CVQ	82621	3080	791	21	-0.489710195825	84084.716087	0.0
HepG2_SLBP	ENCSR042QTH	88246	3165	1007	34	-0.0871316458975	89340.8564059	0.0
K562_MAK16	ENCSR143COQ	84265	3213	1257	32	-0.58282829726	84919.0696576	0.0
HepG2_SBDS	ENCSR279HMU	85361	3046	851	21	-0.532108668481	86671.6287598	0.0
K562_UTP18	ENCSR143COQ	82866	3155	2311	58	-0.601252175708	81348.5163322	0.0
K562_CPSF7	ENCSR667PLJ	76247	2822	659	35	0.521039043563	77687.1298019	0.0
K562_SND1	ENCSR084SCN	76450	2291	605	15	-0.273433598723	77505.8859802	0.0
HepG2_DDX21	ENCSR003EKR	87724	3146	486	15	-0.216540886984	89870.7640095	0.0
HepG2_HNRNPA1	ENCSR305XWT	83523	2820	1011	33	-0.0487666983616	84267.6237694	0.0
HepG2_FAM120A	ENCSR689PHN	84347	3103	810	24	-0.312214442457	85789.9642081	0.0
HepG2_PUM2	ENCSR042QTH	89510	3229	1178	50	0.234621888229	90299.2773505	0.0
K562_DNAJC2	ENCSR667PLJ	76540	2812	768	23	-0.294855143181	77777.8942107	0.0
K562_SRSF9	ENCSR341TTW	81709	2967	790	30	0.0645999162456	83043.9414182	0.0
K562_WDR3	ENCSR174OYC	82616	3104	945	32	-0.149949770497	83777.1392438	0.0
K562_APOBEC3C	ENCSR620PUP	85498	3168	1030	36	-0.084257188807	86546.8175683	0.0
K562_HNRNPA0	ENCSR419JMU	79985	2830	1084	43	0.164971224495	80576.3443114	0.0
HepG2_RAVER1	ENCSR491FOC	83652	2700	1848	113	0.921798642067	82475.554392	0.0
HepG2_DDX6	ENCSR237YZT	86916	3270	1365	47	-0.127837143831	87384.1126123	0.0
HepG2_KIF1C	ENCSR538QOG	89256	3390	660	24	-0.0627677382152	91283.0502557	0.0
HepG2_DDX47	ENCSR968BBQ	88040	3360	729	29	0.0598319979134	89890.2866561	0.0
HepG2_HNRNPU	ENCSR305XWT	84714	2912	1652	39	-0.542077601364	84276.737823	0.0
HepG2_GEMIN5	ENCSR689PHN	83686	3047	1057	42	0.126082647853	84548.9294188	0.0
K562_NUFIP2	ENCSR174OYC	82900	3087	661	23	-0.0978497917953	84624.4418222	0.0
HepG2_PRPF6	ENCSR491FOC	87398	3003	732	25	-0.00871976278538	88893.3389749	0.0
K562_PUM1	ENCSR620PUP	87970	3260	1112	37	-0.155419964622	88946.476367	0.0
HepG2_RBM34	ENCSR491FOC	86713	2942	599	29	0.51294794892	88403.4236594	0.0
K562_NOL12	ENCSR620PUP	87507	3263	1000	35	-0.0913737323277	88711.8030786	0.0
HepG2_FMR1	ENCSR042QTH	88514	3168	718	23	-0.160016658206	90205.9911909	0.0
K562_SF1	ENCSR898NWE	78881	2439	792	26	0.0863992761591	79692.2291918	0.0
K562_DDX3X	ENCSR913CAE	80450	2984	697	25	-0.0483856758508	81996.2480955	0.0
K562_HNRNPC	ENCSR572FFX	78968	2818	1425	70	0.461061448346	78823.4533518	0.0
K562_FTO	ENCSR424QCW	76206	2561	1029	26	-0.41146211552	76671.1584165	0.0
MCF-7_ZFX	ENCSR783OQM	96024	3673	288	8	-0.461560768107	99105.8812085	0.0
HepG2_APOBEC3C	ENCSR279HMU	85898	3067	868	22	-0.494395144658	87193.9289561	0.0
HepG2_SUPV3L1	ENCSR856ZRV	86656	3117	1072	48	0.315942894213	87547.0006198	0.0
K562_ABCF1	ENCSR032YMP	82006	2892	944	40	0.264875057044	82941.4199674	0.0
HepG2_CNOT7	ENCSR279HMU	84475	2974	1222	39	-0.14157845807	84945.1886624	0.0
HepG2_STAU1	ENCSR067GHD	86895	3280	788	25	-0.250690183907	88556.3364605	0.0
HepG2_TRA2A	ENCSR491FOC	87373	3050	697	25	0.0391477231658	88984.7650911	0.0
HepG2_PES1	ENCSR538QOG	89346	3406	683	22	-0.243057348197	91347.3632537	0.0
K562_RPS19	ENCSR661HEL	77803	2688	1484	68	0.407408206453	77417.025779	0.0
HepG2_RECQL	ENCSR603TCV	88800	3295	932	30	-0.205086242816	90181.0549429	0.0
HepG2_NELFE	ENCSR603TCV	88627	3272	1114	43	0.0642328632474	89599.5675575	0.0
HepG2_SF3B4	ENCSR603TCV	87879	3261	1783	53	-0.320038426241	87505.0371452	0.0
HepG2_EIF4A3	ENCSR237YZT	87513	3201	1730	54	-0.22876605807	87181.1104557	0.0
K562_RRP9	ENCSR661HEL	78483	2711	754	21	-0.310620119382	79651.4064814	0.0
HepG2_HDGF	ENCSR538QOG	89568	3409	682	21	-0.305747618812	91576.3223342	0.0
K562_PTBP1	ENCSR129RWD	82402	2846	640	19	-0.218328794567	83935.0975978	0.0
K562_AGGF1	ENCSR143COQ	80540	3082	2519	61	-0.660131363853	78541.9925452	0.0
K562_SRSF4	ENCSR772DUM	77027	2627	1179	42	0.0628455514291	77230.717641	0.0
HepG2_RBM15	ENCSR585KOJ	89109	3339	899	28	-0.266739230811	90603.304603	0.0
HepG2_UPF2	ENCSR856ZRV	84450	3073	489	8	-1.15331290397	86531.8523363	0.0
K562_PSIP1	ENCSR572FFX	77299	2843	1040	31	-0.303207756324	78014.3304423	0.0
K562_FKBP4	ENCSR572FFX	75637	2548	888	29	-0.0447799113048	76361.7554366	0.0
HepG2_CKAP4	ENCSR538QOG	88655	3329	1379	58	0.163615477131	89132.460415	0.0
K562_EIF4B	ENCSR913CAE	79870	2981	653	18	-0.437228746862	81514.4474764	0.0
K562_TFIP11	ENCSR661HEL	78143	2727	757	33	0.32097466732	79297.7326775	0.0
HepG2_DDX27	ENCSR856ZRV	87466	3112	362	10	-0.365109439704	89835.5303616	0.0
HepG2_NAA15	ENCSR067GHD	86215	3195	811	34	0.177955797243	87727.9906618	0.0
HepG2_FKBP4	ENCSR856ZRV	86873	3081	522	20	0.111459370046	88873.2664067	0.0
HepG2_LARP7	ENCSR674KEK	87561	3103	796	27	-0.0631842892896	89025.4712149	0.0
HepG2_AGGF1	ENCSR853AOV	84632	2993	816	20	-0.528958170615	85961.0013075	0.0
HepG2_SFPQ	ENCSR104ABF	81304	2868	1347	41	-0.212772728137	81418.9024786	0.0
K562_CPSF6	ENCSR424QCW	77225	2606	1156	31	-0.33157039528	77474.6732124	0.0
K562_HNRNPF	ENCSR163JUC	84151	3146	466	23	0.400765651316	86321.7487017	0.0
HepG2_RBM14	ENCSR521WAI	81673	2703	826	32	0.227227833124	82668.7325905	0.0
HepG2_TRIM56	ENCSR305XWT	84958	2929	1068	38	0.0455012874208	85688.9187408	0.0
HepG2_CSTF2	ENCSR856ZRV	82843	2892	439	16	0.0621632119951	84827.4148602	0.0
HepG2_NPM1	ENCSR104ABF	81826	2817	1231	43	0.0209775680246	82114.1756813	0.0
K562_LSM11	ENCSR572FFX	78181	2843	709	28	0.119045138704	79556.705473	0.0
HepG2_GPKOW	ENCSR264TUE	85240	3117	1342	57	0.216021591009	85581.1705042	0.0
HepG2_U2AF1	ENCSR067GHD	84124	3093	3727	140	0.0309226248763	79654.4565821	0.0
K562_FIP1L1	ENCSR032YMP	79234	2830	952	29	-0.229591090166	80113.7354951	0.0
HepG2_PTBP1	ENCSR603TCV	88056	3251	1460	48	-0.167324303767	88315.9160276	0.0
K562_EFTUD2	ENCSR661HEL	77731	2693	1747	72	0.250465050031	76827.1887208	0.0
HepG2_SRSF3	ENCSR264TUE	85013	3049	1762	47	-0.427133940847	84481.244138	0.0
HepG2_DNAJC21	ENCSR305XWT	84089	2902	804	24	-0.209291526544	85342.8857675	0.0
HepG2_HNRNPD	ENCSR279HMU	84952	2998	762	23	-0.22550960708	86387.0114166	0.0
HepG2_PSIP1	ENCSR674KEK	88574	3152	772	18	-0.609988203317	90152.8314481	0.0
K562_HNRNPU	ENCSR898NWE	78397	2445	1310	61	0.578278318965	78123.4117496	0.0
HepG2_GTF2F1	ENCSR491FOC	87404	3041	642	24	0.103614597565	89117.9050308	0.0
K562_ILF2	ENCSR419JMU	80372	2834	1224	44	0.0278250953632	80689.323655	0.0
K562_FXR1	ENCSR913CAE	78635	2809	1727	57	-0.114119291992	77915.0854115	0.0
HepG2_SNRNP70	ENCSR264TUE	84506	2978	1796	78	0.301468702731	83776.213242	0.0
K562_SERBP1	ENCSR661HEL	77108	2629	853	34	0.225355411221	77972.8759432	0.0
HepG2_KHDRBS1	ENCSR279HMU	85578	3077	932	23	-0.542980574519	86755.322006	0.0
K562_PPIG	ENCSR032YMP	80788	2875	939	41	0.29507781122	81714.4987052	0.0
HepG2_DDX5	ENCSR776SXA	86480	3177	815	22	-0.444595102573	87990.8330226	0.0
HepG2_TUFM	ENCSR042QTH	88470	3179	1064	41	0.100812970649	89452.3251656	0.0
K562_SF3A3	ENCSR174OYC	82482	3070	1467	53	-0.0429639466305	82539.0066037	0.0
HepG2_G3BP1	ENCSR237YZT	88328	3284	1193	31	-0.51683720444	89180.4058566	0.0
K562_SRSF5	ENCSR129RWD	80572	2793	744	28	0.118587199516	81828.1507807	0.0
K562_CNOT8	ENCSR898NWE	75886	2323	1023	31	-0.0146214272797	76115.2044938	0.0
K562_SF3B1	ENCSR424QCW	75082	2459	1775	54	-0.106392366631	73926.1483023	0.0
K562_AATF	ENCSR815CVQ	81826	3017	642	25	0.0787994296876	83514.2442381	0.0
K562_SMNDC1	ENCSR815CVQ	81271	3013	906	23	-0.546337216005	82436.275559	0.0
HepG2_FASTKD2	ENCSR003EKR	86193	3037	705	15	-0.727736956948	87795.8405058	0.0
HepG2_NSUN2	ENCSR264TUE	82107	2902	1196	53	0.326304579493	82529.3893179	0.0
K562_TROVE2	ENCSR092WKG	84991	3249	829	20	-0.664057768171	86550.2091592	0.0
HepG2_ACO1	ENCSR538QOG	88788	3329	916	34	-0.0145370178254	90226.7973573	0.0
K562_SNRNP200	ENCSR164MUK	78438	2814	2288	61	-0.428275482519	76622.0622135	0.0
HepG2_DDX55	ENCSR856ZRV	87311	3140	952	45	0.394362294076	88468.0250856	0.0
HepG2_PPIL4	ENCSR305XWT	84095	2883	846	29	-0.00015557460182	85236.8025133	0.0
HepG2_PABPC4	ENCSR237YZT	87814	3245	1171	36	-0.265439778484	88661.0146728	0.0
K562_EWSR1	ENCSR913CAE	79466	2947	781	27	-0.101272474784	80804.9231183	0.0
HepG2_ILF3	ENCSR279HMU	85729	3060	990	29	-0.285123962926	86762.707374	0.0
K562_PUS1	ENCSR143COQ	78731	2980	3974	89	-0.757095159384	73788.2483675	0.0
K562_G3BP2	ENCSR344XID	67906	1334	1095	24	0.157955827533	67020.0889131	0.0
HepG2_HNRNPL	ENCSR042QTH	87050	3123	1282	29	-0.665359728086	87570.1495221	0.0
HepG2_CCAR1	ENCSR135LXL	90202	3377	1227	40	-0.199646101304	91062.1644321	0.0
HepG2_TBRG4	ENCSR246RRQ	87661	3245	1234	41	-0.155929921251	88373.8889909	0.0
K562_SRFBP1	ENCSR572FFX	75200	2774	868	26	-0.300418545175	76196.2626276	0.0
HepG2_CPSF7	ENCSR067GHD	87497	3294	807	33	0.119290348171	89118.773702	0.0
HepG2_CPSF6	ENCSR264TUE	83909	3042	1275	33	-0.486153909492	84354.7316549	0.0
K562_ILF3	ENCSR667PLJ	76065	2801	639	22	-0.097021615709	77549.5408491	0.0
HepG2_EIF2S1	ENCSR237YZT	86340	3252	1269	38	-0.330918910124	86997.0954243	0.0
HepG2_SART3	ENCSR279HMU	85294	3021	823	36	0.304522550681	86605.3701066	0.0
HepG2_G3BP2	ENCSR237YZT	88548	3251	1031	28	-0.43496943471	89693.2455045	0.0
K562_DNAJC21	ENCSR667PLJ	76475	2843	772	29	0.0150261555149	77724.0890016	0.0
HepG2_TROVE2	ENCSR689PHN	83280	3038	751	18	-0.605967802387	84786.8789954	0.0
HepG2_MSI2	ENCSR067GHD	87096	3261	992	30	-0.308085598326	88324.574602	0.0
HepG2_PKM	ENCSR689PHN	83476	3066	863	31	-0.0320885697571	84763.2353913	0.0
HepG2_AGO1	ENCSR003EKR	86019	2997	660	23	0.000304112408793	87655.2405073	0.0
HepG2_AUH	ENCSR997HCQ	92224	3489	898	33	-0.0419207774023	93860.056095	0.0
K562_IGF2BP1	ENCSR163JUC	84963	3184	490	20	0.123212622755	87129.9515641	0.0
K562_TARDBP	ENCSR372DZW	85214	3051	554	21	0.082311645242	87118.7462514	0.0
K562_HNRNPM	ENCSR032YMP	75418	2571	1210	43	0.0599807996032	75503.1323129	0.0
HepG2_HNRNPA2B1	ENCSR042QTH	87736	3076	775	22	-0.304579356451	89225.0031688	0.0
K562_PKM	ENCSR438MDN	83452	3141	758	30	0.0724873347827	85024.1714968	0.0
K562_DKC1	ENCSR143COQ	84094	3154	1009	27	-0.487074652489	85188.3375993	0.0
HepG2_ETF1	ENCSR997HCQ	92704	3506	1099	44	0.0821896361989	93937.5807711	0.0
HepG2_ILF2	ENCSR305XWT	85491	2906	900	24	-0.35015274921	86558.6728921	0.0
K562_EEF2	ENCSR661HEL	78864	2723	814	33	0.23160713372	79901.8016815	0.0
K562_RPS3A	ENCSR419JMU	80089	2785	1080	34	-0.143497882364	80660.9788786	0.0
K562_SUB1	ENCSR815CVQ	81680	3035	609	16	-0.500083973284	83469.6250079	0.0
K562_XPO5	ENCSR164MUK	80574	2873	1364	44	-0.144511830192	80654.7643856	0.0
K562_G3BP1	ENCSR129RWD	79838	2706	758	26	0.0172275161101	80983.4464384	0.0
K562_SAFB2	ENCSR154OBA	81897	3023	710	29	0.146063501583	83448.4334931	0.0
HepG2_MARK2	ENCSR674KEK	86107	3025	742	11	-1.24472028035	87632.4339517	0.0
K562_SSRP1	ENCSR032YMP	81766	2854	951	36	0.11706729597	82657.5149439	0.0
HepG2_HNRNPK	ENCSR237YZT	86802	3218	1961	69	-0.07535731048	86005.7817069	0.0
K562_KIF1C	ENCSR143COQ	83814	3187	1913	41	-0.827148831125	83137.1904352	0.0
K562_KRR1	ENCSR424QCW	74437	2396	1162	39	0.0603279645158	74449.7742279	0.0
K562_EIF3H	ENCSR226KWO	82890	2948	940	25	-0.419271123464	83918.8719189	0.0
HepG2_SF3A3	ENCSR691IVR	86136	3170	2775	88	-0.214778853977	83671.8436754	0.0
HepG2_UCHL5	ENCSR856ZRV	78828	2931	845	19	-0.725636719484	80040.1811785	0.0
K562_PARN	ENCSR667PLJ	75437	2813	698	28	0.105362541731	76804.7371283	0.0
K562_SRPK2	ENCSR174OYC	83329	3106	908	38	0.167067958276	84553.3589891	0.0
K562_XRCC6	ENCSR815CVQ	80220	2911	1286	50	0.0995564840259	80480.4745681	0.0
K562_IGF2BP1	ENCSR129RWD	82447	2843	526	28	0.626416927893	84185.6315694	0.0
HepG2_AKAP1	ENCSR237YZT	87684	3212	1462	45	-0.251104684414	87907.0071191	0.0
K562_PABPC4	ENCSR344XID	76017	2263	756	18	-0.322303821926	76739.6617015	0.0
K562_DDX6	ENCSR913CAE	80624	3021	641	27	0.168818227787	82314.3375725	0.0
K562_WDR43	ENCSR174OYC	82483	3053	989	41	0.163522605312	83488.4090616	0.0
K562_BUD13	ENCSR032YMP	79413	2789	972	28	-0.285902223478	80214.1781993	0.0
HepG2_UTP18	ENCSR691IVR	89543	3334	753	27	-0.0543639076238	91323.55091	0.0
K562_KHDRBS1	ENCSR667PLJ	76120	2839	748	23	-0.278511696394	77424.5366222	0.0
HepG2_HNRNPC	ENCSR305XWT	84306	2874	1836	48	-0.382884499166	83452.7857282	0.0
K562_TRIP6	ENCSR032YMP	81709	2880	911	40	0.316975129937	82697.7125884	0.0
K562_FXR2	ENCSR828YEB	65190	1839	1120	25	-0.337769536792	64758.5820737	0.0
HepG2_CCAR2	ENCSR674KEK	86726	3018	627	23	0.0760401829779	88448.7082821	0.0
K562_PTBP1	ENCSR163JUC	84413	3143	696	17	-0.608229633966	86135.8305925	0.0
HepG2_IGF2BP2	ENCSR237YZT	87286	3216	1197	41	-0.105244468683	88042.9378057	0.0
HepG2_NUP35	ENCSR960MSV	86462	3241	690	28	0.114457653015	88272.7483659	0.0
K562_HNRNPAB	ENCSR419JMU	80831	2896	1084	36	-0.109448851386	81501.9847087	0.0
K562_PHF6	ENCSR572FFX	78349	2804	839	21	-0.515852971008	79442.141704	0.0
K562_SF1	ENCSR164MUK	81455	2853	1237	63	0.540101745755	81728.1766193	0.0
HepG2_RBM25	ENCSR603TCV	87076	3221	1568	60	0.0488753217953	87070.3530459	0.0
K562_CSTF2	ENCSR245BNJ	78298	2793	880	31	-0.0180754252707	79279.2344931	0.0
HepG2_DDX19B	ENCSR538QOG	88796	3315	871	62	0.931081315186	90254.703217	0.0
HepG2_AKAP8L	ENCSR538QOG	89627	3401	843	32	0.000513675386461	91286.2300491	0.0
K562_UCHL5	ENCSR661HEL	78998	2756	923	40	0.312909592989	79839.3647359	0.0
HepG2_GRWD1	ENCSR674KEK	86713	2970	616	23	0.12448887751	88409.5541135	0.0
K562_UPF2	ENCSR438MDN	83381	3127	607	26	0.191754562203	85246.6350421	0.0
K562_RBM34	ENCSR129RWD	81011	2797	612	19	-0.153294671932	82550.752439	0.0
K562_RPS10	ENCSR084SCN	78106	2502	554	24	0.435500018612	79456.1596963	0.0
HepG2_NOL12	ENCSR042QTH	88853	3216	985	28	-0.348543816215	90054.1632211	0.0
K562_EIF4G2	ENCSR620PUP	87194	3279	1009	38	0.00211811107308	88391.1164224	0.0
HepG2_RPS19	ENCSR689PHN	83415	3062	1292	50	0.0762264849942	83813.8280165	0.0
K562_SLBP	ENCSR667PLJ	76678	2851	788	33	0.17161506305	77895.4800437	0.0
HepG2_SRP68	ENCSR856ZRV	87567	3146	497	16	-0.158305331004	89689.9021732	0.0
K562_UTP3	ENCSR024FOF	82980	3016	943	43	0.327206117517	84035.3294893	0.0
HepG2_TFIP11	ENCSR856ZRV	85127	3063	753	33	0.284487581282	86625.016276	0.0
HepG2_RPS10	ENCSR491FOC	86257	2996	835	27	-0.103212873787	87537.3264365	0.0
K562_MTPAP	ENCSR174OYC	82724	3105	930	23	-0.601884176714	83933.6256191	0.0
K562_DGCR8	ENCSR395HQT	82951	3181	487	11	-0.763639247014	85138.8971841	0.0
K562_PRPF8	ENCSR661HEL	75829	2568	2308	83	0.086644512534	73687.931007	0.0
K562_LIN28B	ENCSR572FFX	78607	2842	501	15	-0.272096866226	80420.2722822	0.0
K562_CIRBP	ENCSR129RWD	81390	2790	608	17	-0.293950151019	82934.645469	0.0
HepG2_FUS	ENCSR491FOC	87738	3061	947	24	-0.461131244428	88867.4096172	0.0
K562_CSTF2T	ENCSR815CVQ	81896	3036	626	25	0.107386635825	83634.9909074	0.0
K562_ESF1	ENCSR032YMP	80763	2821	822	31	0.110617657284	81886.7069162	0.0
K562_DDX47	ENCSR031RRO	84155	3057	677	23	-0.0965895342164	85817.6192935	0.0
K562_PNPT1	ENCSR620PUP	88112	3303	887	41	0.302251349182	89568.4381237	0.0
HepG2_METAP2	ENCSR689PHN	84515	3062	1207	35	-0.321265713382	85110.6378219	0.0
K562_CCDC124	ENCSR143COQ	86056	3273	840	21	-0.605337818967	87615.3340508	0.0
HepG2_EIF2S2	ENCSR067GHD	87102	3254	827	26	-0.248884111384	88658.0597913	0.0
K562_DDX24	ENCSR913CAE	80841	2989	672	20	-0.313036962111	82451.7199004	0.0
K562_U2AF2	ENCSR344XID	70198	1778	2734	61	-0.182957491802	66494.5738402	0.0
HepG2_CSTF2T	ENCSR003EKR	85764	2922	611	17	-0.292221617715	87434.4517919	0.0
K562_PCBP3	ENCSR341TTW	81547	2921	1262	63	0.47888126842	81838.8891625	0.0
K562_SFPQ	ENCSR164MUK	81093	3025	1370	43	-0.249125085194	81315.7562707	0.0
K562_TRNAU1AP	ENCSR341TTW	80259	2899	925	31	-0.108077302791	81256.9922918	0.0
HepG2_RBM39	ENCSR104ABF	80207	2765	1344	50	0.109915533622	80207.4250862	0.0
HepG2_AATF	ENCSR003EKR	85361	2910	588	17	-0.237723484468	87065.149687	0.0
K562_SRSF7	ENCSR163JUC	84034	3125	781	34	0.227329165957	85536.6284225	0.0
K562_PPP1R8	ENCSR164MUK	81405	3039	1880	47	-0.578479265459	80634.1443643	0.0
HepG2_RBM27	ENCSR674KEK	88282	3114	1021	41	0.187063317985	89284.3479011	0.0
HepG2_SMN1	ENCSR305XWT	85797	2916	878	33	0.145181568006	86900.358433	0.0
K562_LARP4	ENCSR164MUK	82667	3042	1114	42	0.035003379349	83412.5918695	0.0
HepG2_DDX52	ENCSR689PHN	85022	3118	730	30	0.164281305051	86626.5564361	0.0
K562_GPKOW	ENCSR424QCW	76674	2604	1052	35	-0.0296998803101	77118.904319	0.0
HepG2_FASTKD1	ENCSR279HMU	84607	2931	670	25	0.107151061627	86153.5189454	0.0
K562_SRP68	ENCSR661HEL	79050	2767	832	24	-0.279106303897	80113.9649545	0.0
HepG2_TIAL1	ENCSR305XWT	83693	2882	1456	52	0.0526097995479	83585.2681455	0.0
K562_SRSF1	ENCSR129RWD	78357	2686	2436	72	-0.213842463142	76104.6615439	0.0
K562_TIA1	ENCSR129RWD	80882	2810	792	31	0.1720163265	82054.0972907	0.0
HepG2_RPS5	ENCSR674KEK	88305	3128	820	28	-0.0529424668339	89744.8651573	0.0
K562_PTBP1	ENCSR898NWE	79933	2500	620	12	-0.69237066789	81173.8666276	0.0
HepG2_DNAJC2	ENCSR305XWT	84277	2908	808	26	-0.100731979384	85524.9791072	0.0
K562_U2AF1	ENCSR344XID	70870	1870	2491	55	-0.257084718905	67737.1734676	0.0
HepG2_DKC1	ENCSR538QOG	88190	3308	1001	41	0.126909681803	89425.8700058	0.0
K562_BOP1	ENCSR424QCW	76294	2542	1106	32	-0.203602002243	76576.4360198	0.0
HepG2_SLTM	ENCSR491FOC	86939	3025	724	22	-0.195417814571	88478.1892389	0.0
HepG2_CDC40	ENCSR481WJH	75595	2403	881	18	-0.637690946106	76210.4021904	0.0
HepG2_EIF4B	ENCSR237YZT	87863	3220	1298	40	-0.250023406819	88426.6722469	0.0
K562_AGO1	ENCSR084SCN	78229	2494	619	17	-0.215162605106	79456.0138188	0.0
K562_EIF2S2	ENCSR118EFE	82562	2971	807	30	0.0469231413904	83867.1909276	0.0
HepG2_EFTUD2	ENCSR689PHN	84607	3082	982	26	-0.460301232802	85684.6170239	0.0
K562_ZNF800	ENCSR341TTW	81333	2955	851	32	0.0495954720562	82531.2506785	0.0
K562_PPIL4	ENCSR419JMU	79821	2837	1098	30	-0.37944144603	80417.4210814	0.0
HepG2_RPLP0	ENCSR105NML	91755	3336	568	25	0.275704653172	93908.7034964	0.0
K562_RBM17	ENCSR118EFE	83148	2998	961	33	-0.0703892277417	84169.470196	0.0
HepG2_RPL23A	ENCSR674KEK	87978	3106	638	27	0.261487958459	89758.8613637	0.0
HepG2_XRCC6	ENCSR491FOC	87372	3051	963	27	-0.316687555665	88453.8529677	0.0
HepG2_STIP1	ENCSR279HMU	83948	3013	820	32	0.120743276862	85265.3495809	0.0
HepG2_QKI	ENCSR603TCV	88682	3289	1282	39	-0.285857934104	89347.9952306	0.0
HepG2_BCLAF1	ENCSR856ZRV	87080	3128	756	30	0.143677161156	88642.8510678	0.0
HepG2_SAFB2	ENCSR305XWT	83873	2871	913	42	0.426427596965	84844.5528866	0.0
K562_PABPC1	ENCSR419JMU	81400	2921	1177	36	-0.230479072384	81912.4624675	0.0
HepG2_TIA1	ENCSR603TCV	87528	3208	937	26	-0.401466960916	88820.2414448	0.0
HepG2_U2AF2	ENCSR104ABF	80944	2819	2488	68	-0.349639167643	78729.1147	0.0
K562_CNOT7	ENCSR419JMU	81343	2941	1466	49	-0.113320033738	81281.237298	0.0
HepG2_SERBP1	ENCSR689PHN	84199	3040	1068	44	0.190395557213	85029.1836063	0.0
K562_XRN2	ENCSR661HEL	79125	2756	914	43	0.43370020103	79978.2288272	0.0
K562_PUM2	ENCSR620PUP	88752	3342	910	34	-0.0112639017716	90215.6763946	0.0
HepG2_RBFOX2	ENCSR104ABF	81781	2882	1094	37	-0.0593201938605	82416.1096635	0.0
K562_XRCC5	ENCSR815CVQ	81993	3038	771	17	-0.748817236037	83462.3450278	0.0
K562_STAU1	ENCSR032YMP	81258	2852	1010	43	0.278589146177	82017.2021578	0.0
K562_HNRNPA1	ENCSR438MDN	82874	3081	889	37	0.162862726345	84112.980753	0.0
HepG2_LIN28B	ENCSR674KEK	87758	3102	805	31	0.123611393073	89195.6940272	0.0
K562_STIP1	ENCSR419JMU	80902	2950	1017	26	-0.512275736957	81779.0136202	0.0
K562_DDX27	ENCSR245BNJ	79449	2775	598	28	0.422822632216	80976.7835735	0.0
HepG2_RRP9	ENCSR856ZRV	84346	2936	1171	51	0.323295760365	84855.1432321	0.0
K562_PES1	ENCSR661HEL	78752	2744	704	27	0.138420059812	80040.5590472	0.0
K562_SF3B4	ENCSR344XID	73583	2201	2920	80	-0.126683112622	69902.7823598	0.0
K562_HNRNPUL1	ENCSR164MUK	82411	3086	1416	34	-0.641115758515	82621.7045509	0.0
K562_RBM3	ENCSR936VPP	82348	2597	515	17	0.065849911446	83884.3320648	0.0
K562_NAA15	ENCSR143COQ	78055	2841	2262	61	-0.432625562617	76316.8615277	0.0
K562_PCBP2	ENCSR129RWD	78251	2631	2203	83	0.164211686954	76374.6394437	0.0
K562_HNRNPH1	ENCSR341TTW	81268	2935	903	45	0.464525900471	82317.7235291	0.0
K562_RECQL	ENCSR344XID	77842	2353	463	14	0.000462090983247	79243.8371968	0.0
K562_AKAP1	ENCSR913CAE	80288	2965	679	19	-0.400259884825	81862.8640939	0.0
HepG2_UTP3	ENCSR691IVR	87280	3187	1179	37	-0.218514459918	88051.3557835	0.0
HepG2_DDX21	ENCSR105NML	91340	3321	521	19	0.00434511292809	93584.080467	0.0
HepG2_SSRP1	ENCSR246RRQ	88920	3300	811	37	0.297865280193	90531.8116209	0.0
K562_DHX30	ENCSR667PLJ	76078	2843	740	35	0.339894872263	77378.6287587	0.0
K562_WRN	ENCSR718EWL	86753	3239	647	27	0.160558875225	88649.0503666	0.0
K562_HNRNPC	ENCSR771ZZL	72811	1929	1101	25	-0.222511188697	72504.9725991	0.0
HepG2_DDX28	ENCSR856ZRV	86461	3082	564	18	-0.159515595513	88382.7841957	0.0
HepG2_FXR1	ENCSR237YZT	88309	3280	1055	28	-0.484879604053	89435.8427794	0.0
HepG2_DAZAP1	ENCSR003EKR	87694	3147	428	10	-0.619109838025	89967.1206763	0.0
K562_YBX3	ENCSR667PLJ	76634	2829	592	31	0.50436347371	78221.9129142	0.0
K562_EIF3G	ENCSR084SCN	77599	2523	1026	32	-0.0599890661722	78019.9714532	0.0
K562_FXR2	ENCSR913CAE	82006	3025	336	13	0.0688447167831	84334.4325475	0.0
HepG2_DHX30	ENCSR305XWT	83396	2806	791	17	-0.646679769289	84593.6055237	0.0
K562_CEBPZ	ENCSR163JUC	85056	3172	498	13	-0.514613880355	87208.9690518	0.0
K562_FUBP3	ENCSR913CAE	80015	2921	764	29	0.0562883837756	81357.5827473	0.0
K562_BCCIP	ENCSR245BNJ	80939	2854	675	24	0.0119965935008	82400.8310613	0.0
K562_GTF2F1	ENCSR815CVQ	81601	2999	623	17	-0.429592106918	83324.85279	0.0
HepG2_RTF1	ENCSR491FOC	87037	2930	647	18	-0.275040639822	88641.9201325	0.0
HepG2_NCBP2	ENCSR237YZT	8020	301	126	1	-2.24151307892	8068.98287338	0.0
HepG2_DDX24	ENCSR003EKR	85813	2977	705	14	-0.804859430593	87357.8577927	0.0
K562_DDX47	ENCSR898NWE	79744	2481	510	20	0.33395699116	81168.4229127	0.0
HepG2_CALR	ENCSR364GRM	84244	2938	796	21	-0.402639559996	85555.6713024	0.0
K562_AQR	ENCSR718EWL	79793	3021	5132	112	-0.79478643351	72660.2241284	0.0
K562_UPF1	ENCSR174OYC	83616	3130	935	36	0.0406469141674	84814.8692933	0.0
K562_IGF2BP3	ENCSR129RWD	81571	2800	475	19	0.220701416507	83385.8949238	0.0
K562_CELF1	ENCSR081EST	71751	1865	1037	60	1.1544418201	71438.9178073	0.0
K562_DDX28	ENCSR661HEL	79391	2759	595	30	0.536902844044	80904.7854638	0.0
K562_HSPD1	ENCSR032YMP	81800	2881	1052	37	-0.00200634610675	82517.004571	0.0
HepG2_U2AF2	ENCSR491FOC	85660	2983	2700	91	-0.0471632572963	83148.8799635	0.0
HepG2_RBM47	ENCSR279HMU	85552	3028	743	26	-0.0164142109846	87048.6760386	0.0
HepG2_LARP4	ENCSR135LXL	90146	3367	1230	36	-0.351789747916	90998.167687	0.0
K562_EIF4G1	ENCSR667PLJ	76590	2852	651	22	-0.139971962957	78101.703078	0.0
K562_AGO3	ENCSR898NWE	76594	2312	759	21	-0.125620572697	77353.7119728	0.0
HepG2_RBM5	ENCSR481WJH	58998	1669	794	17	-0.401922166977	59055.8588757	0.0
HepG2_SSB	ENCSR997HCQ	89435	3297	1192	46	0.0660071778442	90272.5289091	0.0
K562_IGF2BP2	ENCSR129RWD	80651	2807	913	30	-0.0829890017236	81582.6561343	0.0
K562_PRPF6	ENCSR815CVQ	81497	2957	758	25	-0.13765704394	82895.2614874	0.0
HepG2_RPS2	ENCSR674KEK	88006	3105	998	39	0.147442925934	89048.8073107	0.0
HepG2_UPF1	ENCSR691IVR	88676	3336	898	37	0.131234231529	90151.5041964	0.0
HepG2_HNRNPA0	ENCSR279HMU	84301	3011	780	29	0.0578858130888	85701.4963054	0.0
K562_PABPN1	ENCSR164MUK	77793	2902	2373	63	-0.490695542306	75896.7537405	0.0
HepG2_ZC3H8	ENCSR584UYK	86241	3125	1037	35	-0.102471349924	87234.8613475	0.0
HepG2_PRPF8	ENCSR856ZRV	85266	3018	992	32	-0.13389044289	86247.8804042	0.0
HepG2_SRSF7	ENCSR105NML	90743	3334	870	23	-0.474849287562	92299.4998075	0.0
K562_SUCLG1	ENCSR620PUP	86914	3255	785	33	0.166704410373	88540.4246167	0.0
HepG2_IGF2BP1	ENCSR105NML	90700	3290	506	17	-0.110587671763	92946.9107306	0.0
HepG2_RBM17	ENCSR104ABF	81652	2870	1576	42	-0.399368814818	81317.0336808	0.0
K562_DGCR8	ENCSR599PZD	84483	3223	363	12	-0.20667826493	86957.6043891	0.0
HepG2_YBX3	ENCSR305XWT	84437	2881	647	28	0.342966775892	85973.2297766	0.0
K562_GRSF1	ENCSR118EFE	83136	3004	1052	44	0.211029247279	83961.9564448	0.0
HepG2_NUFIP2	ENCSR104ABF	82024	2888	1343	34	-0.475877295358	82180.3895606	0.0
K562_DDX1	ENCSR667PLJ	76369	2838	644	25	0.0629799498836	77874.6509107	0.0
K562_FUS	ENCSR084SCN	76676	2378	639	23	0.214844292	77735.5477336	0.0
HepG2_SUCLG1	ENCSR042QTH	90160	3227	1058	29	-0.384920884414	91225.6759197	0.0
HepG2_RPS3A	ENCSR279HMU	85057	3016	1324	55	0.228393944333	85336.6124107	0.0
HepG2_PRPF4	ENCSR584UYK	86192	3080	1025	29	-0.336875485008	87176.4624083	0.0
K562_HLTF	ENCSR815CVQ	80989	3000	750	21	-0.403737795294	82454.0923876	0.0
HepG2_ZNF622	ENCSR691IVR	87659	3290	1246	40	-0.22541752629	88395.197179	0.0
HepG2_SRSF1	ENCSR603TCV	86055	3054	2362	80	-0.0673781030462	84291.9267552	0.0
HepG2_UBE2L3	ENCSR042QTH	89199	3204	1268	47	0.0453313050227	89791.7145855	0.0
K562_MSI2	ENCSR620PUP	87880	3275	995	30	-0.305694061824	89116.5404555	0.0
K562_EXOSC5	ENCSR341TTW	80837	2988	804	17	-0.80582512135	82191.0932565	0.0
K562_AKAP8L	ENCSR143COQ	82007	3184	2076	42	-0.940438485205	81008.1077777	0.0
HepG2_HNRNPLL	ENCSR264TUE	83731	3020	1326	46	-0.0561617033722	84028.6997665	0.0
K562_POLR2G	ENCSR942UNX	76473	2449	527	20	0.244954735678	77831.7950582	0.0
K562_ZRANB2	ENCSR815CVQ	81135	2970	714	34	0.379472139295	82615.6725312	0.0
HepG2_NOLC1	ENCSR521WAI	82291	2727	831	31	0.170839692891	83302.7440972	0.0
HepG2_NIP7	ENCSR674KEK	86637	3054	783	42	0.605660245507	88048.6541293	0.0
HepG2_MTPAP	ENCSR264TUE	85419	3096	1127	33	-0.307798048957	86210.2211409	0.0
HepG2_ASCC1	ENCSR237YZT	87615	3270	1001	23	-0.699848958114	88848.598183	0.0
K562_PCBP1	ENCSR129RWD	80545	2725	879	52	0.806187261383	81418.5849561	0.0
HepG2_PARN	ENCSR305XWT	85171	2881	811	18	-0.607912379697	86401.8348195	0.0
HepG2_PUF60	ENCSR042QTH	86507	3183	3096	71	-0.682084820813	83468.386505	0.0
K562_IGF2BP3	ENCSR771ZZL	73040	1939	665	21	0.250408949155	73613.281996	0.0
K562_POLR2G	ENCSR341TTW	81706	2905	547	22	0.177866552259	83476.8286292	0.0
K562_ADAR	ENCSR667PLJ	75754	2855	735	17	-0.704378180684	77112.2325325	0.0
K562_NPM1	ENCSR164MUK	82679	3058	1085	27	-0.571731197464	83527.4768918	0.0
K562_YTHDC2	ENCSR164MUK	80825	2877	1826	50	-0.378450384048	79992.1219889	0.0
HepG2_EWSR1	ENCSR538QOG	88440	3265	1386	96	0.907795086854	88765.5435601	0.0
HepG2_IGF2BP3	ENCSR237YZT	87260	3193	1465	41	-0.386796928998	87466.1222125	0.0
HepG2_EIF3H	ENCSR853AOV	87007	3213	850	23	-0.448618485687	88482.4685732	0.0
HepG2_GNB2L1	ENCSR674KEK	87984	3106	844	30	0.00990286377507	89350.3859611	0.0
K562_RBM39	ENCSR164MUK	80222	2963	2840	76	-0.464880298193	77455.4903744	0.0
HepG2_KRR1	ENCSR246RRQ	88792	3321	1023	24	-0.672887858783	90030.95974	0.0
K562_KHSRP	ENCSR129RWD	81028	2780	800	19	-0.530664933175	82178.0283603	0.0
K562_CCAR1	ENCSR667PLJ	74568	2816	960	23	-0.656491231346	75430.547044	0.0
K562_RBM22	ENCSR129RWD	80168	2770	942	31	-0.0703183377231	81003.4157369	0.0
HepG2_AKAP8	ENCSR246RRQ	88223	3319	856	25	-0.365276511424	89788.4938083	0.0
K562_HNRNPA2B1	ENCSR164MUK	79598	2933	2365	67	-0.379252072282	77738.7989261	0.0
K562_DAZAP1	ENCSR815CVQ	81307	2929	857	26	-0.247812210063	82479.2638308	0.0
K562_RBM15	ENCSR143COQ	80303	3064	2554	76	-0.358649612956	78190.1139134	0.0
K562_TUFM	ENCSR620PUP	82572	3036	826	32	0.0754109822844	83900.6000869	0.0
K562_TIAL1	ENCSR572FFX	77153	2780	863	25	-0.314795092148	78166.8779639	0.0
HepG2_IGF2BP1	ENCSR491FOC	88903	3122	448	20	0.346262833507	91091.3856846	0.0
K562_NSUN2	ENCSR174OYC	83227	3133	1072	37	-0.12520086495	84156.2447882	0.0
K562_SRSF7	ENCSR129RWD	81730	2825	771	34	0.351418753209	82952.6824325	0.0
K562_AARS	ENCSR572FFX	77067	2709	813	25	-0.192974418931	78108.8072627	0.0
K562_NELFE	ENCSR129RWD	81305	2784	789	23	-0.232206574051	82472.8466284	0.0
K562_DDX21	ENCSR129RWD	82555	2845	505	22	0.33814707895	84349.2592757	0.0
HepG2_EIF4G2	ENCSR042QTH	88093	3158	900	20	-0.689908787621	89420.3214906	0.0
HepG2_SNRNP200	ENCSR104ABF	80915	2845	1385	39	-0.320361425869	80936.2412896	0.0
HepG2_XRCC5	ENCSR491FOC	85978	2872	769	25	-0.0391437013817	87269.0956686	0.0
K562_DGCR8	ENCSR619GAS	85814	3219	547	18	-0.188943469972	87906.5873678	0.0
