mut	control	eql_notG4	eql_G4	diff_notG4	diff_G4	logOR	chisq	p
HepG2_SRFBP1	ENCSR997HCQ	87564	6048	2141	315	1.09094675292	88768.7551719	0.0
HepG2_SDAD1	ENCSR521WAI	80268	4999	714	34	-0.387203903814	83777.5824198	0.0
K562_RBM25	ENCSR344XID	72243	3999	1055	61	0.0628566718672	74026.3371656	0.0
HepG2_HNRNPAB	ENCSR279HMU	81786	5526	681	57	0.308925464903	85842.2583682	0.0
K562_TRA2A	ENCSR129RWD	78359	5234	697	41	-0.183349684377	82123.5209549	0.0
HepG2_EXOSC5	ENCSR521WAI	79835	5005	589	28	-0.399189507239	83610.5021184	0.0
K562_HNRNPL	ENCSR031RRO	79707	5606	1335	82	-0.195409241806	82502.5591341	0.0
K562_SUPV3L1	ENCSR661HEL	75729	5058	1331	88	-0.0146563013132	77973.9244691	0.0
HepG2_SMNDC1	ENCSR491FOC	84607	5667	772	75	0.536481576005	88588.036734	0.0
K562_FASTKD2	ENCSR084SCN	76611	4695	598	32	-0.195647184386	80050.8858936	0.0
K562_GEMIN5	ENCSR661HEL	76845	5152	755	61	0.269151397299	80373.1400979	0.0
HepG2_KHSRP	ENCSR237YZT	85868	6081	1034	57	-0.361390361247	89779.9854447	0.0
K562_RTF1	ENCSR815CVQ	79182	5594	719	45	-0.174774515233	83254.8907642	0.0
K562_EIF3D	ENCSR661HEL	76180	5071	1152	91	0.24693974714	78784.0536466	0.0
HepG2_ABCF1	ENCSR067GHD	85086	6075	1049	92	0.2967284509	88893.3260602	0.0
HepG2_CEBPZ	ENCSR067GHD	84049	6024	679	42	-0.212513361953	88636.7782122	0.0
K562_EIF4A3	ENCSR913CAE	75471	5448	3686	115	-1.21022652293	73499.4515586	0.0
HepG2_HSPD1	ENCSR246RRQ	86019	6133	923	49	-0.42548649006	90218.2954517	0.0
K562_HNRNPK	ENCSR129RWD	76793	4867	1437	75	-0.280155526379	78664.0458109	0.0
HepG2_ESF1	ENCSR067GHD	84478	6021	883	47	-0.421180118925	88648.5963743	0.0
HepG2_PUM1	ENCSR042QTH	86249	5869	1126	86	0.166594759176	89709.9603626	0.0
HepG2_SRSF9	ENCSR603TCV	84066	5859	1189	102	0.299688416074	87361.5925284	0.0
K562_SART3	ENCSR419JMU	78632	5500	1118	59	-0.406448397519	81794.5287785	0.0
HepG2_CELF1	ENCSR042QTH	84935	5821	974	63	-0.083477779456	88693.8512771	0.0
HepG2_DDX3X	ENCSR237YZT	85640	6048	1175	81	-0.0348402875159	89193.2060849	0.0
K562_CPEB4	ENCSR031RRO	81312	5802	801	47	-0.282223500876	85426.2713373	0.0
HepG2_FTO	ENCSR264TUE	80466	5511	1488	73	-0.481340967036	82883.4834914	0.0
HepG2_DDX1	ENCSR305XWT	82539	5277	564	30	-0.265374685933	86632.0244387	0.0
K562_GLRX3	ENCSR174OYC	79626	5755	799	40	-0.529771845637	83711.2955134	0.0
K562_FAM120A	ENCSR661HEL	75915	4947	582	31	-0.290919862063	79640.6561441	0.0
K562_SLTM	ENCSR084SCN	75932	4580	612	36	-0.0361743363563	79221.2155934	0.0
K562_DROSHA	ENCSR164MUK	80716	5705	1277	65	-0.473619106958	83757.9438715	0.0
K562_NUSAP1	ENCSR572FFX	75714	5333	593	32	-0.384347439316	79801.8364503	0.0
HepG2_HNRNPUL1	ENCSR104ABF	78667	5144	1090	65	-0.132948587559	81516.9242474	0.0
HepG2_ADAR	ENCSR305XWT	81783	5226	624	42	0.0749371595553	85682.0986303	0.0
K562_BCLAF1	ENCSR245BNJ	78166	5305	837	69	0.280557200394	81668.8600349	0.0
HepG2_BOP1	ENCSR264TUE	79882	5529	1438	86	-0.210803228652	82390.2239063	0.0
HepG2_RBM22	ENCSR997HCQ	87239	6139	1392	137	0.483986244961	90345.2683219	0.0
HepG2_EIF3G	ENCSR003EKR	83971	5685	644	40	-0.124329868851	88293.2204809	0.0
K562_PUF60	ENCSR620PUP	83870	6075	2594	124	-0.599567911632	84591.7603838	0.0
HepG2_SF1	ENCSR104ABF	79239	5305	1542	100	-0.0459448429317	81291.8925104	0.0
K562_FXR2	ENCSR081EST	70195	3554	434	21	-0.0653811253317	72841.8074106	0.0
K562_TAF15	ENCSR942UNX	72878	4147	516	26	-0.175444122015	75944.8164576	0.0
HepG2_RCC2	ENCSR674KEK	84861	5754	1013	77	0.164832635117	88448.1227646	0.0
HepG2_SRSF5	ENCSR042QTH	88026	6022	530	43	0.246031303677	92905.4981435	0.0
K562_NFX1	ENCSR815CVQ	78715	5589	610	37	-0.227235563761	83014.9721258	0.0
HepG2_AARS	ENCSR856ZRV	85192	5852	486	29	-0.203115223299	90016.9162254	0.0
HepG2_EXOSC9	ENCSR003EKR	83629	5670	679	33	-0.480290973228	87880.7049956	0.0
K562_QKI	ENCSR344XID	74921	4325	620	30	-0.254635691601	77951.3388302	0.0
K562_SUGP2	ENCSR164MUK	79147	5485	1698	87	-0.43570610618	81099.8084139	0.0
HepG2_EIF3D	ENCSR689PHN	81815	5617	681	43	-0.120752569545	85989.9975897	0.0
K562_RAVER1	ENCSR344XID	71325	3639	879	37	-0.277472104	73143.2088836	0.0
HepG2_DAZAP1	ENCSR042QTH	87845	5996	526	34	-0.078568263815	92724.3423882	0.0
HepG2_HNRNPM	ENCSR067GHD	83100	5926	984	65	-0.110428746727	86940.3646566	0.0
K562_CCAR2	ENCSR620PUP	85835	6220	717	62	0.254946555902	90503.6072765	0.0
HepG2_EEF2	ENCSR689PHN	82249	5708	1112	82	0.0875518303443	85585.2121482	0.0
HepG2_BCCIP	ENCSR856ZRV	83965	5837	707	54	0.13581020371	88286.4526355	0.0
K562_MATR3	ENCSR129RWD	78433	5209	888	36	-0.712108423694	81804.3025275	0.0
HepG2_HNRNPF	ENCSR105NML	88176	6203	485	39	0.192909284049	93333.9128799	0.0
K562_EIF3A	ENCSR667PLJ	71796	5042	1390	90	-0.117180625764	73906.5174753	0.0
HepG2_TARDBP	ENCSR264TUE	81704	5707	1179	50	-0.719889570906	84970.4511913	0.0
K562_SSB	ENCSR084SCN	76088	4576	725	36	-0.276402199517	79149.1913363	0.0
HepG2_NUSAP1	ENCSR674KEK	85178	5783	669	63	0.472008371083	89502.9407421	0.0
K562_ATP5C1	ENCSR143COQ	81286	5922	1166	56	-0.601146650434	84781.255137	0.0
HepG2_SRSF5	ENCSR491FOC	86643	5817	381	41	0.680640804742	91617.9643727	0.0
K562_MBNL1	ENCSR143COQ	82248	6008	1344	56	-0.809938620995	85478.4840367	0.0
K562_NONO	ENCSR661HEL	76396	5136	751	76	0.590038410868	79886.5072092	0.0
HepG2_CIRBP	ENCSR237YZT	84157	5721	948	89	0.46573420943	87816.0634459	0.0
K562_MAGOH	ENCSR129RWD	77800	5135	1572	75	-0.468232838207	79673.8587141	0.0
HepG2_BUD13	ENCSR067GHD	84434	6052	665	42	-0.182552937909	89077.5289967	0.0
K562_AGO2	ENCSR898NWE	73756	4315	1059	48	-0.3681964214	75872.7392363	0.0
K562_NCBP2	ENCSR913CAE	78070	5470	843	50	-0.240377099624	81763.5597539	0.0
K562_SBDS	ENCSR419JMU	78795	5540	1023	57	-0.335554211754	82188.8681297	0.0
HepG2_TAF15	ENCSR603TCV	84483	5600	1205	68	-0.232192256295	87555.0128999	0.0
K562_SMN1	ENCSR419JMU	78329	5479	1001	56	-0.322309305448	81707.364577	0.0
HepG2_SRSF4	ENCSR853AOV	83981	5922	888	51	-0.296083952905	88034.8287621	0.0
HepG2_SRSF7	ENCSR603TCV	86414	6115	807	43	-0.40931944896	90836.8387542	0.0
K562_METAP2	ENCSR424QCW	74333	4840	1050	52	-0.394810012212	76984.3905828	0.0
HepG2_SUB1	ENCSR491FOC	83130	5306	662	46	0.122547180111	87025.670585	0.0
K562_PAPOLA	ENCSR942UNX	70928	4009	719	36	-0.174882013982	73434.6118047	0.0
K562_TBRG4	ENCSR344XID	73586	3887	623	26	-0.339946333181	76180.4484082	0.0
K562_SAFB	ENCSR341TTW	75561	5180	1084	77	0.0512552912865	78435.6956858	0.0
HepG2_PABPC1	ENCSR279HMU	81487	5532	1075	78	0.0959781306374	84728.281493	0.0
HepG2_FUBP3	ENCSR376RJN	81556	5819	906	59	-0.131776323296	85455.6629045	0.0
HepG2_ATP5C1	ENCSR067GHD	85167	6119	757	44	-0.30579114376	89691.0449249	0.0
K562_TRIM56	ENCSR572FFX	75331	5331	985	40	-0.801286225787	78625.1796232	0.0
HepG2_PUS1	ENCSR538QOG	86525	6186	857	46	-0.413551140205	90913.8303493	0.0
HepG2_NONO	ENCSR856ZRV	84743	5820	865	77	0.3742333626	88688.8480714	0.0
K562_TARDBP	ENCSR129RWD	79543	5271	900	52	-0.197755095195	82920.696167	0.0
HepG2_PPIG	ENCSR246RRQ	85964	6134	792	53	-0.0926036227105	90415.7547613	0.0
HepG2_EIF4G1	ENCSR042QTH	85597	5710	811	37	-0.548107155291	89618.9236807	0.0
HepG2_SND1	ENCSR491FOC	84821	5685	659	62	0.489250892884	89069.7961356	0.0
HepG2_FIP1L1	ENCSR067GHD	84626	6070	1169	84	0.00259076333543	88207.3106787	0.0
HepG2_XPO5	ENCSR279HMU	81697	5544	927	75	0.253677101343	85248.5330994	0.0
K562_SDAD1	ENCSR341TTW	77106	5259	749	48	-0.0898766819092	80778.7138175	0.0
K562_RECQL	ENCSR942UNX	74111	4531	419	19	-0.431092624327	77768.448566	0.0
K562_PA2G4	ENCSR661HEL	76749	5118	667	39	-0.189644831781	80461.0938613	0.0
HepG2_PA2G4	ENCSR689PHN	78176	5418	1016	45	-0.645938120377	81485.5780112	0.0
HepG2_DDX59	ENCSR264TUE	82610	5679	1185	68	-0.260600887921	85800.8124726	0.0
K562_RPS3	ENCSR772DUM	74079	4859	1774	88	-0.40302538959	75258.0764445	0.0
HepG2_HLTF	ENCSR491FOC	83392	5059	674	55	0.427739777104	86999.0454212	0.0
K562_UBE2L3	ENCSR620PUP	86486	6225	906	66	0.0173477510948	90777.1907287	0.0
HepG2_DROSHA	ENCSR481WJH	69992	4157	976	33	-0.812767838077	72144.8717517	0.0
K562_DDX51	ENCSR661HEL	77041	5163	643	56	0.378024921149	80811.9740088	0.0
HepG2_HNRNPF	ENCSR305XWT	84287	5471	624	44	0.119463073291	88426.9735106	0.0
HepG2_SF3B1	ENCSR264TUE	80736	5382	2075	199	0.524726814758	81630.6877248	0.0
HepG2_RPLP0	ENCSR674KEK	85795	5790	670	44	-0.0393273478975	90162.5666092	0.0
K562_CELF1	ENCSR620PUP	86126	6160	673	56	0.21833880031	90833.7680023	0.0
HepG2_GRSF1	ENCSR279HMU	82833	5571	814	52	-0.074247846904	86680.4845497	0.0
K562_HNRNPF	ENCSR572FFX	78157	5473	488	42	0.29755141512	82573.3693047	0.0
K562_TAF15	ENCSR344XID	75021	4115	451	20	-0.306725370451	78196.8084595	0.0
K562_DDX21	ENCSR163JUC	82159	5929	464	22	-0.605991456361	87118.7021125	0.0
K562_ZC3H8	ENCSR718EWL	83440	6005	1007	73	0.0104795976874	87298.0404593	0.0
K562_SUPT6H	ENCSR164MUK	78981	5549	1759	67	-0.883244650846	80917.9839787	0.0
K562_AUH	ENCSR718EWL	84166	6092	575	27	-0.624280935908	89058.0479141	0.0
K562_DDX52	ENCSR661HEL	76939	5135	549	49	0.419326402056	80882.3849776	0.0
HepG2_LSM11	ENCSR674KEK	84985	5598	761	35	-0.518244793041	88998.0332189	0.0
HepG2_PCBP2	ENCSR491FOC	84042	5535	1140	83	0.14467659531	87147.7083218	0.0
K562_GRWD1	ENCSR572FFX	75526	5234	541	35	-0.0992142153353	79612.1092816	0.0
HepG2_XRN2	ENCSR856ZRV	82641	5725	801	59	0.0884947303159	86654.3717479	0.0
K562_SYNCRIP	ENCSR341TTW	76330	5130	1166	77	-0.0253460721212	78992.9673056	0.0
HepG2_SUGP2	ENCSR246RRQ	85911	6107	803	49	-0.220239218579	90321.8987018	0.0
K562_CKAP4	ENCSR324WIS	80415	5595	916	54	-0.239061686426	84080.9552529	0.0
K562_AKAP8	ENCSR143COQ	81290	5952	1090	52	-0.61804124496	84973.0698749	0.0
K562_DDX19B	ENCSR143COQ	83279	6050	755	46	-0.253825180549	87734.1945149	0.0
HepG2_ZRANB2	ENCSR491FOC	84181	5633	775	48	-0.111570728337	88175.5439418	0.0
HepG2_PHF6	ENCSR674KEK	84514	5649	639	44	0.0428824398977	88802.1741162	0.0
HepG2_PNPT1	ENCSR279HMU	82069	5502	734	58	0.237154071872	85994.1760852	0.0
K562_ASCC1	ENCSR913CAE	77704	5513	552	44	0.167986522054	82029.2725125	0.0
K562_EIF2S1	ENCSR913CAE	78942	5644	646	47	0.0252016743898	83205.6777512	0.0
K562_FMR1	ENCSR424QCW	74677	4795	1139	67	-0.126401590283	77078.3086141	0.0
K562_LARP7	ENCSR572FFX	75878	5110	736	55	0.150084213741	79413.7310155	0.0
HepG2_NKRF	ENCSR246RRQ	85640	6095	836	48	-0.309809961594	89975.5388742	0.0
K562_HNRNPU	ENCSR438MDN	81058	5853	772	63	0.176529281664	85249.0306762	0.0
HepG2_MAGOH	ENCSR237YZT	84381	5951	2282	104	-0.629929196012	85623.531924	0.0
HepG2_MATR3	ENCSR237YZT	84982	6002	1628	107	-0.103775924907	87547.0951235	0.0
K562_DDX55	ENCSR572FFX	73608	4917	816	47	-0.213824178126	76808.4952309	0.0
C4-2B_ZFX	ENCSR142YZV	91581	6595	395	23	-0.306543133286	97341.7838954	0.0
HepG2_SUPT6H	ENCSR067GHD	83600	5966	847	66	0.126843019547	87749.3115848	0.0
K562_RBFOX2	ENCSR667PLJ	73630	5325	711	42	-0.291948055781	77456.1969609	0.0
HepG2_PCBP1	ENCSR603TCV	84957	5959	1496	126	0.263976133669	87701.0071318	0.0
K562_RCC2	ENCSR572FFX	73995	5139	853	40	-0.566605605633	77358.1445631	0.0
K562_EXOSC9	ENCSR815CVQ	79971	5730	779	33	-0.758215514563	84084.7783156	0.0
HepG2_SLBP	ENCSR042QTH	85559	5852	978	63	-0.0864927854303	89340.8574627	0.0
K562_MAK16	ENCSR143COQ	81493	5985	1238	51	-0.83411726796	84919.2416496	0.0
HepG2_SBDS	ENCSR279HMU	82811	5596	821	51	-0.121458520042	86671.6043067	0.0
K562_UTP18	ENCSR143COQ	80113	5908	2278	91	-0.884462753827	81349.1762147	0.0
K562_CPSF7	ENCSR667PLJ	73799	5270	646	48	0.057298546492	77687.0919566	0.0
K562_SND1	ENCSR084SCN	74504	4237	591	29	-0.212830475233	77505.8865734	0.0
HepG2_DDX21	ENCSR003EKR	85053	5817	474	27	-0.263840832308	89870.7669223	0.0
HepG2_HNRNPA1	ENCSR305XWT	81124	5219	985	59	-0.103053382657	84267.6267636	0.0
HepG2_FAM120A	ENCSR689PHN	81748	5702	781	53	-0.0396147930798	85789.9541133	0.0
HepG2_PUM2	ENCSR042QTH	86725	6014	1160	68	-0.242395086277	90299.2845832	0.0
K562_DNAJC2	ENCSR667PLJ	74123	5229	755	36	-0.565093534939	77777.9381066	0.0
K562_SRSF9	ENCSR341TTW	79143	5533	774	46	-0.234299875736	83043.9519714	0.0
K562_WDR3	ENCSR174OYC	79928	5792	931	46	-0.552507919215	83777.2096038	0.0
K562_APOBEC3C	ENCSR620PUP	82753	5913	1003	63	-0.185976535212	86546.8280006	0.0
K562_HNRNPA0	ENCSR419JMU	77510	5305	1066	61	-0.258296588872	80576.3621801	0.0
HepG2_RAVER1	ENCSR491FOC	81357	4995	1775	186	0.771265400193	82475.6520501	0.0
HepG2_DDX6	ENCSR237YZT	84121	6065	1335	77	-0.32195103593	87384.164022	0.0
HepG2_KIF1C	ENCSR538QOG	86381	6265	645	39	-0.262425527934	91283.0589406	0.0
HepG2_DDX47	ENCSR968BBQ	85199	6201	708	50	-0.0434856575941	89890.2866101	0.0
HepG2_HNRNPU	ENCSR305XWT	82240	5386	1625	66	-0.689275753865	84276.9175305	0.0
HepG2_GEMIN5	ENCSR689PHN	81112	5621	1027	72	0.0167211828063	84548.9256215	0.0
K562_NUFIP2	ENCSR174OYC	80230	5757	641	43	-0.0971631120259	84624.442463	0.0
HepG2_PRPF6	ENCSR491FOC	84850	5551	708	49	0.081199355588	88893.3401835	0.0
K562_PUM1	ENCSR620PUP	85159	6071	1081	68	-0.180535036089	88946.4837618	0.0
HepG2_RBM34	ENCSR491FOC	84209	5446	586	42	0.148266113221	88403.4018089	0.0
K562_NOL12	ENCSR620PUP	84734	6036	967	68	-0.0186329738735	88711.8016522	0.0
HepG2_FMR1	ENCSR042QTH	85805	5877	687	54	0.198631128319	90205.9966552	0.0
K562_SF1	ENCSR898NWE	76782	4538	772	46	0.0117445443313	79692.2283123	0.0
K562_DDX3X	ENCSR913CAE	77876	5558	683	39	-0.321798505282	81996.2638106	0.0
K562_HNRNPC	ENCSR572FFX	76522	5264	1374	121	0.356340135121	78823.4523677	0.0
K562_FTO	ENCSR424QCW	73990	4777	1005	50	-0.375970079435	76671.1741722	0.0
MCF-7_ZFX	ENCSR783OQM	92838	6859	278	18	-0.190370788884	99105.8796981	0.0
HepG2_APOBEC3C	ENCSR279HMU	83315	5650	841	49	-0.218998657554	87193.9141954	0.0
HepG2_SUPV3L1	ENCSR856ZRV	84008	5765	1033	87	0.295453164871	87547.0151535	0.0
K562_ABCF1	ENCSR032YMP	79483	5415	918	66	0.07765685958	82941.4070012	0.0
HepG2_CNOT7	ENCSR279HMU	81950	5499	1188	73	-0.126991804308	84945.1910987	0.0
HepG2_STAU1	ENCSR067GHD	84124	6051	763	50	-0.134411096644	88556.3335224	0.0
HepG2_TRA2A	ENCSR491FOC	84791	5632	675	47	0.0680370610953	88984.7657296	0.0
HepG2_PES1	ENCSR538QOG	86470	6282	662	43	-0.161518810907	91347.3624954	0.0
K562_RPS19	ENCSR661HEL	75465	5026	1439	113	0.237653199688	77416.9800774	0.0
HepG2_RECQL	ENCSR603TCV	86034	6061	906	56	-0.188733150743	90181.0582391	0.0
HepG2_NELFE	ENCSR603TCV	85859	6040	1085	72	-0.0842054107419	89599.5694208	0.0
HepG2_SF3B4	ENCSR603TCV	85138	6002	1725	111	-0.131676804477	87505.0034253	0.0
HepG2_EIF4A3	ENCSR237YZT	84807	5907	1680	104	-0.170119966332	87181.1113196	0.0
K562_RRP9	ENCSR661HEL	76146	5048	731	44	-0.139311539775	79651.4011029	0.0
HepG2_HDGF	ENCSR538QOG	86690	6287	663	40	-0.265515050416	91576.3250782	0.0
K562_PTBP1	ENCSR129RWD	79941	5307	628	31	-0.427457272498	83935.11452	0.0
K562_AGGF1	ENCSR143COQ	77869	5753	2484	96	-0.934824233654	78542.8408737	0.0
K562_SRSF4	ENCSR772DUM	74753	4901	1157	64	-0.245189722015	77230.7433769	0.0
HepG2_RBM15	ENCSR585KOJ	86251	6197	880	47	-0.427871551689	90603.3349094	0.0
HepG2_UPF2	ENCSR856ZRV	81878	5645	473	24	-0.442303496052	86531.834505	0.0
K562_PSIP1	ENCSR572FFX	74826	5316	1030	41	-0.835749972662	78014.494442	0.0
K562_FKBP4	ENCSR572FFX	73422	4763	873	44	-0.364136265121	76361.7865842	0.0
HepG2_CKAP4	ENCSR538QOG	85821	6163	1338	99	0.0431202349163	89132.450506	0.0
K562_EIF4B	ENCSR913CAE	77293	5558	642	29	-0.670748468499	81514.4838015	0.0
K562_TFIP11	ENCSR661HEL	75795	5075	738	52	0.0735856653473	79297.7185589	0.0
HepG2_DDX27	ENCSR856ZRV	84842	5736	348	24	0.0286807059717	89835.5278246	0.0
HepG2_NAA15	ENCSR067GHD	83495	5915	790	55	-0.025109397142	87727.9861107	0.0
HepG2_FKBP4	ENCSR856ZRV	84251	5703	503	39	0.195888501406	88873.2697403	0.0
HepG2_LARP7	ENCSR674KEK	84904	5760	772	51	-0.0383398884019	89025.4710669	0.0
HepG2_AGGF1	ENCSR853AOV	82097	5528	799	37	-0.540098344335	85961.0238277	0.0
HepG2_SFPQ	ENCSR104ABF	78858	5314	1322	66	-0.432725353874	81418.98214	0.0
K562_CPSF6	ENCSR424QCW	74956	4875	1138	49	-0.595005156017	77474.7699022	0.0
K562_HNRNPF	ENCSR163JUC	81438	5859	457	32	-0.0390745787805	86321.7392892	0.0
HepG2_RBM14	ENCSR521WAI	79399	4977	802	56	0.155669040766	82668.7310065	0.0
HepG2_TRIM56	ENCSR305XWT	82476	5411	1038	68	-0.00212066834301	85688.9182832	0.0
HepG2_CSTF2	ENCSR856ZRV	80415	5320	420	35	0.333003984261	84827.4238838	0.0
HepG2_NPM1	ENCSR104ABF	79401	5242	1213	61	-0.39265857912	82114.2407059	0.0
K562_LSM11	ENCSR572FFX	75721	5303	695	42	-0.212738934483	79556.7116517	0.0
HepG2_GPKOW	ENCSR264TUE	82577	5780	1303	96	0.0739397410613	85581.1547771	0.0
HepG2_U2AF1	ENCSR067GHD	81489	5728	3623	244	-0.0617298239793	79654.472393	0.0
K562_FIP1L1	ENCSR032YMP	76805	5259	930	51	-0.320321732608	80113.7555663	0.0
HepG2_PTBP1	ENCSR603TCV	85290	6017	1430	78	-0.371136874947	88315.9869822	0.0
K562_EFTUD2	ENCSR661HEL	75384	5040	1696	123	0.117356760762	76827.158636	0.0
HepG2_SRSF3	ENCSR264TUE	82416	5646	1724	85	-0.474529711678	84481.3427616	0.0
HepG2_DNAJC21	ENCSR305XWT	81642	5349	787	41	-0.330697404901	85342.900666	0.0
HepG2_HNRNPD	ENCSR279HMU	82425	5525	733	52	0.0818059422862	86387.0079316	0.0
HepG2_PSIP1	ENCSR674KEK	85889	5837	751	39	-0.388092478032	90152.8272058	0.0
K562_HNRNPU	ENCSR898NWE	76304	4538	1249	122	0.715809749677	78123.7244097	0.0
HepG2_GTF2F1	ENCSR491FOC	84847	5598	620	46	0.169317808962	89117.9085	0.0
K562_ILF2	ENCSR419JMU	77916	5290	1199	69	-0.238511498889	80689.350652	0.0
K562_FXR1	ENCSR913CAE	76210	5234	1685	99	-0.225181770134	77915.1278455	0.0
HepG2_SNRNP70	ENCSR264TUE	81939	5545	1751	123	0.0538420573919	83776.1464955	0.0
K562_SERBP1	ENCSR661HEL	74843	4894	830	57	0.070703869995	77972.8684758	0.0
HepG2_KHDRBS1	ENCSR279HMU	83005	5650	899	56	-0.127946912916	86755.2918191	0.0
K562_PPIG	ENCSR032YMP	78275	5388	920	60	-0.0778696078848	81714.4813102	0.0
HepG2_DDX5	ENCSR776SXA	83792	5865	791	46	-0.267362431882	87990.8278575	0.0
HepG2_TUFM	ENCSR042QTH	85742	5907	1037	68	-0.0712327850853	89452.3247165	0.0
K562_SF3A3	ENCSR174OYC	79797	5755	1440	80	-0.37647832614	82539.0980158	0.0
HepG2_G3BP1	ENCSR237YZT	85533	6079	1157	67	-0.295508740314	89180.3891167	0.0
K562_SRSF5	ENCSR129RWD	78162	5203	722	50	0.0570529337488	81828.1497687	0.0
K562_CNOT8	ENCSR898NWE	73885	4324	993	61	0.069930502592	76115.2062723	0.0
K562_SF3B1	ENCSR424QCW	72928	4613	1738	91	-0.272722094416	73926.2146812	0.0
K562_AATF	ENCSR815CVQ	79221	5622	628	39	-0.192490976485	83514.2488203	0.0
K562_SMNDC1	ENCSR815CVQ	78684	5600	887	42	-0.587901303109	82436.3140977	0.0
HepG2_FASTKD2	ENCSR003EKR	83631	5599	685	35	-0.389880432274	87795.8294478	0.0
HepG2_NSUN2	ENCSR264TUE	79633	5376	1176	73	-0.121086420146	82529.358128	0.0
K562_TROVE2	ENCSR092WKG	82184	6056	811	38	-0.65321015119	86550.241471	0.0
HepG2_ACO1	ENCSR538QOG	85962	6155	890	60	-0.0869026430325	90226.799427	0.0
K562_SNRNP200	ENCSR164MUK	76005	5247	2244	105	-0.561081808454	76622.3538946	0.0
HepG2_DDX55	ENCSR856ZRV	84640	5811	911	86	0.459438778577	88468.0780634	0.0
HepG2_PPIL4	ENCSR305XWT	81648	5330	834	41	-0.409141460089	85236.8343441	0.0
HepG2_PABPC4	ENCSR237YZT	85061	5998	1141	66	-0.285744568475	88661.0315054	0.0
K562_EWSR1	ENCSR913CAE	76924	5489	764	44	-0.309178669953	80804.9406624	0.0
HepG2_ILF3	ENCSR279HMU	83152	5637	957	62	-0.0654273125725	86762.6960778	0.0
K562_PUS1	ENCSR143COQ	76149	5562	3923	140	-1.03330916178	73790.6267501	0.0
K562_G3BP2	ENCSR344XID	66727	2513	1076	43	0.085590458547	67020.0867114	0.0
HepG2_HNRNPL	ENCSR042QTH	84375	5798	1245	66	-0.374347549058	87570.1219602	0.0
HepG2_CCAR1	ENCSR135LXL	87278	6301	1194	73	-0.239797234874	91062.1801644	0.0
HepG2_TBRG4	ENCSR246RRQ	84890	6016	1213	62	-0.471449381836	88373.9716168	0.0
K562_SRFBP1	ENCSR572FFX	72816	5158	855	39	-0.635006577732	76196.3342275	0.0
HepG2_CPSF7	ENCSR067GHD	84689	6102	781	59	0.0682848205883	89118.7728326	0.0
HepG2_CPSF6	ENCSR264TUE	81337	5614	1242	66	-0.377244527806	84354.7410132	0.0
K562_ILF3	ENCSR667PLJ	73653	5213	626	35	-0.340177305388	77549.5555602	0.0
HepG2_EIF2S1	ENCSR237YZT	83576	6016	1239	68	-0.391285390999	86997.1365815	0.0
HepG2_SART3	ENCSR279HMU	82759	5556	787	72	0.446502884321	86605.4170531	0.0
HepG2_G3BP2	ENCSR237YZT	85810	5989	1001	58	-0.268486516935	89693.2386688	0.0
K562_DNAJC21	ENCSR667PLJ	74020	5298	756	45	-0.265993941073	77724.1035923	0.0
HepG2_TROVE2	ENCSR689PHN	80747	5571	733	36	-0.490343947565	84786.8866142	0.0
HepG2_MSI2	ENCSR067GHD	84326	6031	962	60	-0.197494106584	88324.5715145	0.0
HepG2_PKM	ENCSR689PHN	80903	5639	845	49	-0.265415734257	84763.2514772	0.0
HepG2_AGO1	ENCSR003EKR	83489	5527	641	42	-0.0148455120719	87655.2405393	0.0
HepG2_AUH	ENCSR997HCQ	89233	6480	880	51	-0.325422745864	93860.0797926	0.0
K562_IGF2BP1	ENCSR163JUC	82216	5931	483	27	-0.36791997044	87129.9604269	0.0
K562_TARDBP	ENCSR372DZW	82595	5670	538	37	0.00262481158535	87118.745823	0.0
K562_HNRNPM	ENCSR032YMP	73212	4777	1177	76	-0.0150677370073	75503.1312846	0.0
HepG2_HNRNPA2B1	ENCSR042QTH	85108	5704	759	38	-0.420779699824	89225.0219788	0.0
K562_PKM	ENCSR438MDN	80737	5856	739	49	-0.129478188159	85024.1742042	0.0
K562_DKC1	ENCSR143COQ	81374	5874	991	45	-0.668735412434	85188.4134716	0.0
HepG2_ETF1	ENCSR997HCQ	89706	6504	1069	74	-0.0667874513594	93937.5809018	0.0
HepG2_ILF2	ENCSR305XWT	83023	5374	879	45	-0.338423421236	86558.6831631	0.0
K562_EEF2	ENCSR661HEL	76503	5084	789	58	0.145579892631	79901.798894	0.0
K562_RPS3A	ENCSR419JMU	77646	5228	1052	62	-0.192142120292	80660.988472	0.0
K562_SUB1	ENCSR815CVQ	79072	5643	591	34	-0.310918817843	83469.6221082	0.0
K562_XPO5	ENCSR164MUK	78086	5361	1341	67	-0.458514460182	80654.8668369	0.0
K562_G3BP1	ENCSR129RWD	77498	5046	750	34	-0.522336976493	80983.4873442	0.0
K562_SAFB2	ENCSR154OBA	79276	5644	699	40	-0.315126272709	83448.4467772	0.0
HepG2_MARK2	ENCSR674KEK	83544	5588	715	38	-0.331739624187	87632.3776415	0.0
K562_SSRP1	ENCSR032YMP	79263	5357	933	54	-0.223695397415	82657.5266213	0.0
HepG2_HNRNPK	ENCSR237YZT	84075	5945	1916	114	-0.249063672903	86005.8501005	0.0
K562_KIF1C	ENCSR143COQ	81075	5926	1880	74	-0.892936993667	83137.5182663	0.0
K562_KRR1	ENCSR424QCW	72341	4492	1144	57	-0.317597614354	74449.8144928	0.0
K562_EIF3H	ENCSR226KWO	80337	5501	922	43	-0.554059405553	83918.9175962	0.0
HepG2_SF3A3	ENCSR691IVR	83395	5911	2728	135	-0.518325569106	83672.3210067	0.0
HepG2_UCHL5	ENCSR856ZRV	76408	5351	822	42	-0.454833897059	80040.1727634	0.0
K562_PARN	ENCSR667PLJ	72989	5261	679	47	-0.0584088125437	76804.7364641	0.0
K562_SRPK2	ENCSR174OYC	80623	5812	900	46	-0.496134376048	84553.4108352	0.0
K562_XRCC6	ENCSR815CVQ	77708	5423	1247	89	0.0323877366876	80480.4715562	0.0
K562_IGF2BP1	ENCSR129RWD	79985	5305	506	48	0.516273739091	84185.6353575	0.0
HepG2_AKAP1	ENCSR237YZT	84968	5928	1415	92	-0.101722127681	87906.9922598	0.0
K562_PABPC4	ENCSR344XID	74047	4233	742	32	-0.406586484204	76739.6772404	0.0
K562_DDX6	ENCSR913CAE	78014	5631	633	35	-0.384508682483	82314.3536623	0.0
K562_WDR43	ENCSR174OYC	79825	5711	960	70	0.0274177794249	83488.4032486	0.0
K562_BUD13	ENCSR032YMP	76988	5214	953	47	-0.457572447523	80214.2204276	0.0
HepG2_UTP18	ENCSR691IVR	86701	6176	742	38	-0.476043887463	91323.5839542	0.0
K562_KHDRBS1	ENCSR667PLJ	73676	5283	728	43	-0.279764463403	77424.5434321	0.0
HepG2_HNRNPC	ENCSR305XWT	81879	5301	1790	94	-0.30199798357	83452.7989893	0.0
K562_TRIP6	ENCSR032YMP	79181	5408	892	59	-0.0462696195906	82697.6923493	0.0
K562_FXR2	ENCSR828YEB	63563	3466	1098	47	-0.349229829379	64758.6044061	0.0
HepG2_CCAR2	ENCSR674KEK	84169	5575	603	47	0.234819926614	88448.7162204	0.0
K562_PTBP1	ENCSR163JUC	81704	5852	681	32	-0.608105952175	86135.8510942	0.0
HepG2_IGF2BP2	ENCSR237YZT	84546	5956	1160	78	-0.0671860300347	88042.9370872	0.0
HepG2_NUP35	ENCSR960MSV	83699	6004	679	39	-0.320651041281	88272.7616526	0.0
K562_HNRNPAB	ENCSR419JMU	78305	5422	1069	51	-0.537413383342	81502.0734292	0.0
K562_PHF6	ENCSR572FFX	75925	5228	822	38	-0.574823113091	79442.1755663	0.0
K562_SF1	ENCSR164MUK	78965	5343	1201	99	0.284827605072	81728.1006959	0.0
HepG2_RBM25	ENCSR603TCV	84371	5926	1520	108	0.0166485634187	87070.3520921	0.0
K562_CSTF2	ENCSR245BNJ	75885	5206	855	56	-0.066858164704	79279.2357086	0.0
HepG2_DDX19B	ENCSR538QOG	85992	6119	825	108	0.879471838127	90254.8211743	0.0
HepG2_AKAP8L	ENCSR538QOG	86747	6281	829	46	-0.383918644532	91286.2592495	0.0
K562_UCHL5	ENCSR661HEL	76617	5137	885	78	0.394535132082	79839.4069496	0.0
HepG2_GRWD1	ENCSR674KEK	84202	5481	596	43	0.148439695616	88409.5559643	0.0
K562_UPF2	ENCSR438MDN	80685	5823	590	43	0.0141595762161	85246.6318426	0.0
K562_RBM34	ENCSR129RWD	78595	5213	595	36	-0.132569086729	82550.7530306	0.0
K562_RPS10	ENCSR084SCN	75952	4656	546	32	-0.0648321493987	79456.1449892	0.0
HepG2_NOL12	ENCSR042QTH	86107	5962	959	54	-0.298237258162	90054.169774	0.0
K562_EIF4G2	ENCSR620PUP	84367	6106	985	62	-0.201404296912	88391.129598	0.0
HepG2_RPS19	ENCSR689PHN	80838	5639	1253	89	0.0260851122531	83813.8263522	0.0
K562_SLBP	ENCSR667PLJ	74224	5305	766	55	0.00662022664741	77895.4754226	0.0
HepG2_SRP68	ENCSR856ZRV	84893	5820	480	33	0.00405806425691	89689.9011181	0.0
K562_UTP3	ENCSR024FOF	80362	5634	922	64	-0.0143409398305	84035.3051983	0.0
HepG2_TFIP11	ENCSR856ZRV	82539	5651	723	63	0.347925951748	86625.0354688	0.0
HepG2_RPS10	ENCSR491FOC	83744	5509	804	58	0.133052765432	87537.3295901	0.0
K562_MTPAP	ENCSR174OYC	80034	5795	913	40	-0.724810506305	83933.6912861	0.0
K562_DGCR8	ENCSR395HQT	80215	5917	476	22	-0.674451902678	85138.9064071	0.0
K562_PRPF8	ENCSR661HEL	73607	4790	2230	161	0.149834294834	73687.9716328	0.0
K562_LIN28B	ENCSR572FFX	76137	5312	492	24	-0.516281331412	80420.2877552	0.0
K562_CIRBP	ENCSR129RWD	78985	5195	591	34	-0.193168435327	82934.6446398	0.0
HepG2_FUS	ENCSR491FOC	85145	5654	918	53	-0.201851864633	88867.3943324	0.0
K562_CSTF2T	ENCSR815CVQ	79279	5653	612	39	-0.162135460992	83634.9934391	0.0
K562_ESF1	ENCSR032YMP	78306	5278	802	51	-0.0839734856353	81886.7067814	0.0
K562_DDX47	ENCSR031RRO	81512	5700	661	39	-0.245125601973	85817.6270467	0.0
K562_PNPT1	ENCSR620PUP	85258	6157	870	58	-0.115354856617	89568.4241293	0.0
HepG2_METAP2	ENCSR689PHN	81930	5647	1174	68	-0.250918573467	85110.6414465	0.0
K562_CCDC124	ENCSR143COQ	83233	6096	826	35	-0.789494124711	87615.3981328	0.0
HepG2_EIF2S2	ENCSR067GHD	84332	6024	804	49	-0.229055352688	88658.0637054	0.0
K562_DDX24	ENCSR913CAE	78271	5559	661	31	-0.598729561275	82451.7550297	0.0
K562_U2AF2	ENCSR344XID	68639	3337	2704	91	-0.530679853316	66495.0043343	0.0
HepG2_CSTF2T	ENCSR003EKR	83313	5373	601	27	-0.521591793195	87434.4711482	0.0
K562_PCBP3	ENCSR341TTW	79003	5465	1224	101	0.254437677186	81838.8301387	0.0
K562_SFPQ	ENCSR164MUK	78464	5654	1342	71	-0.445734740836	81315.8443238	0.0
K562_TRNAU1AP	ENCSR341TTW	77747	5411	904	52	-0.274919383228	81257.0109451	0.0
HepG2_RBM39	ENCSR104ABF	77851	5121	1317	77	-0.170034982848	80207.4373799	0.0
HepG2_AATF	ENCSR003EKR	82909	5362	570	35	-0.0748494978035	87065.1472138	0.0
K562_SRSF7	ENCSR163JUC	81340	5819	759	56	0.0445206862403	85536.6213068	0.0
K562_PPP1R8	ENCSR164MUK	78773	5671	1849	78	-0.771101131425	80634.4734969	0.0
HepG2_RBM27	ENCSR674KEK	85610	5786	990	72	0.105781384018	89284.3443847	0.0
HepG2_SMN1	ENCSR305XWT	83303	5410	853	58	0.0662470171044	86900.3562988	0.0
K562_LARP4	ENCSR164MUK	80018	5691	1093	63	-0.303227276884	83412.6271703	0.0
HepG2_DDX52	ENCSR689PHN	82398	5742	706	54	0.134347213348	86626.5569644	0.0
K562_GPKOW	ENCSR424QCW	74428	4850	1027	60	-0.157541054185	77118.9133999	0.0
HepG2_FASTKD1	ENCSR279HMU	82131	5407	654	41	-0.0705682184503	86153.5186224	0.0
K562_SRP68	ENCSR661HEL	76651	5166	807	49	-0.150529954117	80113.961058	0.0
HepG2_TIAL1	ENCSR305XWT	81255	5320	1414	94	0.0219808875593	83585.2673388	0.0
K562_SRSF1	ENCSR129RWD	76044	4999	2369	139	-0.163998421285	76104.6664695	0.0
K562_TIA1	ENCSR129RWD	78455	5237	774	49	-0.0764270276951	82054.0943873	0.0
HepG2_RPS5	ENCSR674KEK	85631	5802	794	54	0.00540327774975	89744.8648256	0.0
K562_PTBP1	ENCSR898NWE	77780	4653	607	25	-0.538530373917	81173.871388	0.0
HepG2_DNAJC2	ENCSR305XWT	81823	5362	789	45	-0.200365084218	85524.9857996	0.0
K562_U2AF1	ENCSR344XID	69225	3515	2461	85	-0.555941452139	67737.5458485	0.0
HepG2_DKC1	ENCSR538QOG	85403	6095	980	62	-0.173853005465	89425.8761875	0.0
K562_BOP1	ENCSR424QCW	74083	4753	1088	50	-0.481374436338	76576.5046022	0.0
HepG2_SLTM	ENCSR491FOC	84385	5579	697	49	0.0886031147462	88478.1874178	0.0
HepG2_CDC40	ENCSR481WJH	73523	4475	870	29	-0.868654548179	76210.4826707	0.0
HepG2_EIF4B	ENCSR237YZT	85145	5938	1261	77	-0.191693205571	88426.6739321	0.0
K562_AGO1	ENCSR084SCN	76095	4628	604	32	-0.199063847693	79456.0154796	0.0
K562_EIF2S2	ENCSR118EFE	79985	5548	788	49	-0.157652198799	83867.1960242	0.0
HepG2_EFTUD2	ENCSR689PHN	82008	5681	959	49	-0.439129315394	85684.6371647	0.0
K562_ZNF800	ENCSR341TTW	78776	5512	829	54	-0.103232419238	82531.2530171	0.0
K562_PPIL4	ENCSR419JMU	77338	5320	1079	49	-0.599090000136	80417.5052479	0.0
HepG2_RPLP0	ENCSR105NML	88876	6215	560	33	-0.246921306481	93908.7037329	0.0
K562_RBM17	ENCSR118EFE	80546	5600	940	54	-0.275315231743	84169.4908432	0.0
HepG2_RPL23A	ENCSR674KEK	85318	5766	624	41	-0.0406428093567	89758.8553567	0.0
HepG2_XRCC6	ENCSR491FOC	84784	5639	936	54	-0.20519643299	88453.8503834	0.0
HepG2_STIP1	ENCSR279HMU	81416	5545	783	69	0.371708937034	85265.3889371	0.0
HepG2_QKI	ENCSR603TCV	85900	6071	1260	61	-0.545818627762	89348.0948696	0.0
HepG2_BCLAF1	ENCSR856ZRV	84418	5790	733	53	0.076166463006	88642.8497728	0.0
HepG2_SAFB2	ENCSR305XWT	81436	5308	885	70	0.279175796542	84844.5408101	0.0
K562_PABPC1	ENCSR419JMU	78850	5471	1150	63	-0.340903928149	81912.4978141	0.0
HepG2_TIA1	ENCSR603TCV	84822	5914	915	48	-0.410433080684	88820.2599596	0.0
HepG2_U2AF2	ENCSR104ABF	78545	5218	2444	112	-0.535723057344	78729.4512967	0.0
K562_CNOT7	ENCSR419JMU	78781	5503	1434	81	-0.306421809801	81281.2944408	0.0
HepG2_SERBP1	ENCSR689PHN	81609	5630	1048	64	-0.175901564757	85029.1856546	0.0
K562_XRN2	ENCSR661HEL	76732	5149	883	74	0.320647921601	79978.2247049	0.0
K562_PUM2	ENCSR620PUP	85854	6240	882	62	-0.0481711173714	90215.6770362	0.0
HepG2_RBFOX2	ENCSR104ABF	79333	5330	1066	65	-0.139910241885	82416.1165582	0.0
K562_XRCC5	ENCSR815CVQ	79379	5652	754	34	-0.65903385512	83462.3665747	0.0
K562_STAU1	ENCSR032YMP	78767	5343	990	63	-0.0921353849218	82017.1858693	0.0
K562_HNRNPA1	ENCSR438MDN	80194	5761	866	60	-0.0522294817027	84112.9766635	0.0
HepG2_LIN28B	ENCSR674KEK	85114	5746	778	58	0.143121205684	89195.6969013	0.0
K562_STIP1	ENCSR419JMU	78352	5500	997	46	-0.605421160932	81779.0711807	0.0
K562_DDX27	ENCSR245BNJ	77055	5169	575	51	0.402938663149	80976.7939584	0.0
HepG2_RRP9	ENCSR856ZRV	81830	5452	1137	85	0.166146781917	84855.1234298	0.0
K562_PES1	ENCSR661HEL	76375	5121	679	52	0.191774964628	80040.5645652	0.0
K562_SF3B4	ENCSR344XID	71642	4142	2869	131	-0.340503096897	69903.0361214	0.0
K562_HNRNPUL1	ENCSR164MUK	79745	5752	1385	65	-0.620043963856	82621.7890133	0.0
K562_RBM3	ENCSR936VPP	80076	4869	504	28	-0.130252497477	83884.3332051	0.0
K562_NAA15	ENCSR143COQ	75587	5309	2225	98	-0.673253692567	76317.3047237	0.0
K562_PCBP2	ENCSR129RWD	75963	4919	2143	143	0.0433151247674	76374.613539	0.0
K562_HNRNPH1	ENCSR341TTW	78713	5490	873	75	0.300704719065	82317.7069679	0.0
K562_RECQL	ENCSR344XID	75791	4404	455	22	-0.265150948482	79243.8414249	0.0
K562_AKAP1	ENCSR913CAE	77716	5537	670	28	-0.769627142159	81862.9177523	0.0
HepG2_UTP3	ENCSR691IVR	84572	5895	1154	62	-0.375614819986	88051.3986135	0.0
HepG2_DDX21	ENCSR105NML	88488	6173	507	33	-0.100009691853	93584.0813158	0.0
HepG2_SSRP1	ENCSR246RRQ	86103	6117	788	60	0.10000609983	90531.8001657	0.0
K562_DHX30	ENCSR667PLJ	73620	5301	720	55	0.0852679211936	77378.6122118	0.0
K562_WRN	ENCSR718EWL	83937	6055	638	36	-0.354379576705	88649.0634369	0.0
K562_HNRNPC	ENCSR771ZZL	71153	3587	1072	54	-0.00112675280263	72504.9638217	0.0
HepG2_DDX28	ENCSR856ZRV	83863	5680	537	45	0.307146423604	88382.7950865	0.0
HepG2_FXR1	ENCSR237YZT	85528	6061	1035	48	-0.611683495137	89435.904981	0.0
HepG2_DAZAP1	ENCSR003EKR	85037	5804	414	24	-0.235553180022	89967.1147881	0.0
K562_YBX3	ENCSR667PLJ	74191	5272	577	46	0.165956358221	78221.8888238	0.0
K562_EIF3G	ENCSR084SCN	75414	4708	998	60	-0.0543592621789	78019.9718058	0.0
K562_FXR2	ENCSR913CAE	79399	5632	329	20	-0.222614080645	84334.4342767	0.0
HepG2_DHX30	ENCSR305XWT	81037	5165	777	31	-0.675833965849	84593.6361014	0.0
K562_CEBPZ	ENCSR163JUC	82327	5901	486	25	-0.478622022115	87208.9749123	0.0
K562_FUBP3	ENCSR913CAE	77488	5448	753	40	-0.404403660195	81357.6110639	0.0
K562_BCCIP	ENCSR245BNJ	78470	5323	649	50	0.1836112506	82400.8373291	0.0
K562_GTF2F1	ENCSR815CVQ	79013	5587	608	32	-0.425983199577	83324.8618039	0.0
HepG2_RTF1	ENCSR491FOC	84545	5422	628	37	-0.122344965526	88641.9172719	0.0
HepG2_NCBP2	ENCSR237YZT	7777	544	122	5	-0.771274060479	8068.95980441	0.0
HepG2_DDX24	ENCSR003EKR	83313	5477	684	35	-0.36148565491	87357.8393048	0.0
K562_DDX47	ENCSR898NWE	77618	4607	493	37	0.33850128556	81168.4285049	0.0
HepG2_CALR	ENCSR364GRM	81734	5448	779	38	-0.450414272438	85555.689636	0.0
K562_AQR	ENCSR718EWL	77200	5614	5037	207	-0.823362179629	72662.277202	0.0
K562_UPF1	ENCSR174OYC	80905	5841	909	62	-0.0819985984692	84814.8710847	0.0
K562_IGF2BP3	ENCSR129RWD	79160	5211	461	33	0.120910631432	83385.8936829	0.0
K562_CELF1	ENCSR081EST	70151	3465	984	113	1.21720086916	71439.4875918	0.0
K562_DDX28	ENCSR661HEL	77009	5141	572	53	0.472955263231	80904.795038	0.0
K562_HSPD1	ENCSR032YMP	79285	5396	1023	66	-0.0771106168044	82517.0068484	0.0
HepG2_U2AF2	ENCSR491FOC	83117	5526	2648	143	-0.299979954311	83149.0623581	0.0
HepG2_RBM47	ENCSR279HMU	83002	5578	717	52	0.109936669737	87048.6784557	0.0
HepG2_LARP4	ENCSR135LXL	87252	6261	1195	71	-0.272324588378	90998.1718165	0.0
K562_EIF4G1	ENCSR667PLJ	74132	5310	635	38	-0.259372600116	78101.7112237	0.0
K562_AGO3	ENCSR898NWE	74613	4293	739	41	-0.0525096108659	77353.710949	0.0
HepG2_RBM5	ENCSR481WJH	57565	3102	782	29	-0.539122486058	59055.8943066	0.0
HepG2_SSB	ENCSR997HCQ	86657	6075	1154	84	0.054249892762	90272.5291494	0.0
K562_IGF2BP2	ENCSR129RWD	78238	5220	895	48	-0.315033592227	81582.6796906	0.0
K562_PRPF6	ENCSR815CVQ	78948	5506	739	44	-0.228172731989	82895.2690937	0.0
HepG2_RPS2	ENCSR674KEK	85354	5757	973	64	-0.0362263473552	89048.8032758	0.0
HepG2_UPF1	ENCSR691IVR	85819	6193	877	58	-0.125865298206	90151.5054167	0.0
HepG2_HNRNPA0	ENCSR279HMU	81772	5540	750	59	0.215545309177	85701.5072221	0.0
K562_PABPN1	ENCSR164MUK	75265	5430	2338	98	-0.783394339938	75897.3953317	0.0
HepG2_ZC3H8	ENCSR584UYK	83614	5752	995	77	0.169842766101	87234.8711934	0.0
HepG2_PRPF8	ENCSR856ZRV	82697	5587	963	61	-0.0929653820036	86247.8800689	0.0
HepG2_SRSF7	ENCSR105NML	87886	6191	855	38	-0.664464094436	92299.5511195	0.0
K562_SUCLG1	ENCSR620PUP	84107	6062	765	53	-0.057035363136	88540.4214794	0.0
HepG2_IGF2BP1	ENCSR105NML	87888	6102	495	28	-0.29561768097	92946.9164057	0.0
HepG2_RBM17	ENCSR104ABF	79193	5329	1556	62	-0.755993859066	81317.2939372	0.0
K562_DGCR8	ENCSR599PZD	81683	6023	354	21	-0.313806437786	86957.6073941	0.0
HepG2_YBX3	ENCSR305XWT	82013	5305	635	40	-0.0382567314769	85973.2182009	0.0
K562_GRSF1	ENCSR118EFE	80532	5608	1020	76	0.0975779850755	83961.9490453	0.0
HepG2_NUFIP2	ENCSR104ABF	79566	5346	1316	61	-0.535586106266	82180.4623165	0.0
K562_DDX1	ENCSR667PLJ	73917	5290	629	40	-0.170421534813	77874.654961	0.0
K562_FUS	ENCSR084SCN	74641	4413	622	40	0.121293987102	77735.545829	0.0
HepG2_SUCLG1	ENCSR042QTH	87374	6013	1040	47	-0.606731786135	91225.7463393	0.0
HepG2_RPS3A	ENCSR279HMU	82497	5576	1281	98	0.178694274221	85336.6135413	0.0
HepG2_PRPF4	ENCSR584UYK	83558	5714	1002	52	-0.398022055207	87176.4888775	0.0
K562_HLTF	ENCSR815CVQ	78417	5572	736	35	-0.579379652453	82454.1277391	0.0
HepG2_ZNF622	ENCSR691IVR	84878	6071	1217	69	-0.335204412142	88395.2338419	0.0
HepG2_SRSF1	ENCSR603TCV	83447	5662	2301	141	-0.147017385937	84291.9599714	0.0
HepG2_UBE2L3	ENCSR042QTH	86455	5948	1224	91	0.111879647466	89791.7212015	0.0
K562_MSI2	ENCSR620PUP	85042	6113	970	55	-0.342258169496	89116.5587919	0.0
K562_EXOSC5	ENCSR341TTW	78274	5551	783	38	-0.547227409922	82191.0927342	0.0
K562_AKAP8L	ENCSR143COQ	79271	5920	2040	78	-0.965827122923	81008.5260943	0.0
HepG2_HNRNPLL	ENCSR264TUE	81187	5564	1299	73	-0.286306745985	84028.7418922	0.0
K562_POLR2G	ENCSR942UNX	74376	4546	503	44	0.517184600321	77831.8276248	0.0
K562_ZRANB2	ENCSR815CVQ	78578	5527	703	45	-0.135970852219	82615.6557899	0.0
HepG2_NOLC1	ENCSR521WAI	79982	5036	808	54	0.0860011883342	83302.7416676	0.0
HepG2_NIP7	ENCSR674KEK	84044	5647	745	80	0.676419770548	88048.7373264	0.0
HepG2_MTPAP	ENCSR264TUE	82786	5729	1104	56	-0.448137964448	86210.2698798	0.0
HepG2_ASCC1	ENCSR237YZT	84832	6053	976	48	-0.536888517685	88848.6096079	0.0
K562_PCBP1	ENCSR129RWD	78185	5085	846	85	0.627449253025	81418.57498	0.0
HepG2_PARN	ENCSR305XWT	82713	5339	793	36	-0.507779412818	86401.8455252	0.0
HepG2_PUF60	ENCSR042QTH	83777	5913	3043	124	-0.792490267187	83469.1300998	0.0
K562_IGF2BP3	ENCSR771ZZL	71370	3609	651	35	0.0884160079158	73613.2775124	0.0
K562_POLR2G	ENCSR341TTW	79175	5436	537	32	-0.20435067695	83476.8305462	0.0
K562_ADAR	ENCSR667PLJ	73310	5299	718	34	-0.610159219526	77112.2502646	0.0
K562_NPM1	ENCSR164MUK	80013	5724	1069	43	-0.830642541297	83527.6052175	0.0
K562_YTHDC2	ENCSR164MUK	78333	5369	1799	77	-0.679298028752	79992.4202357	0.0
HepG2_EWSR1	ENCSR538QOG	85656	6049	1326	156	0.736322900171	88765.5503228	0.0
HepG2_IGF2BP3	ENCSR237YZT	84583	5870	1413	93	-0.0764516167188	87466.0782739	0.0
HepG2_EIF3H	ENCSR853AOV	84310	5910	835	38	-0.623231150214	88482.5141098	0.0
HepG2_GNB2L1	ENCSR674KEK	85327	5763	814	60	0.1261160119	89350.3900479	0.0
K562_RBM39	ENCSR164MUK	77622	5563	2792	124	-0.690356320601	77456.189938	0.0
HepG2_KRR1	ENCSR246RRQ	85978	6135	1001	46	-0.634832000701	90030.999062	0.0
K562_KHSRP	ENCSR129RWD	78644	5164	783	36	-0.514167699544	82178.0467187	0.0
K562_CCAR1	ENCSR667PLJ	72142	5242	937	46	-0.56569312072	75430.5736746	0.0
K562_RBM22	ENCSR129RWD	77760	5178	928	45	-0.457566550205	81003.4659748	0.0
HepG2_AKAP8	ENCSR246RRQ	85425	6117	827	54	-0.133093855542	89788.4828968	0.0
K562_HNRNPA2B1	ENCSR164MUK	77052	5479	2315	117	-0.492583862785	77739.0518022	0.0
K562_DAZAP1	ENCSR815CVQ	78781	5455	840	43	-0.435784134829	82479.2954294	0.0
K562_RBM15	ENCSR143COQ	77658	5709	2513	117	-0.659005651109	78190.7180562	0.0
K562_TUFM	ENCSR620PUP	79956	5652	794	64	0.189377731512	83900.6094859	0.0
K562_TIAL1	ENCSR572FFX	74746	5187	849	39	-0.595194423332	78166.9365719	0.0
HepG2_IGF2BP1	ENCSR491FOC	86252	5773	434	34	0.227076388536	91091.3840296	0.0
K562_NSUN2	ENCSR174OYC	80510	5850	1049	60	-0.345248907905	84156.2832644	0.0
K562_SRSF7	ENCSR129RWD	79289	5266	749	56	0.170874317518	82952.6709135	0.0
K562_AARS	ENCSR572FFX	74695	5081	798	40	-0.440489536734	78108.8402886	0.0
K562_NELFE	ENCSR129RWD	78884	5205	773	39	-0.387159744861	82472.8669997	0.0
K562_DDX21	ENCSR129RWD	80092	5308	486	41	0.348157371237	84349.2657504	0.0
HepG2_EIF4G2	ENCSR042QTH	85382	5869	876	44	-0.452610097318	89420.3174306	0.0
HepG2_SNRNP200	ENCSR104ABF	78486	5274	1366	58	-0.662294914351	80936.4122262	0.0
HepG2_XRCC5	ENCSR491FOC	83559	5291	744	50	0.0858802827319	87269.0969933	0.0
K562_DGCR8	ENCSR619GAS	83006	6027	537	28	-0.477719701935	87906.6041555	0.0
