mut	control	eql_notG4	eql_G4	diff_notG4	diff_G4	logOR	chisq	p
HepG2_SRFBP1	ENCSR997HCQ	89555	4057	2239	217	1.09720119438	88767.5849775	0.0
HepG2_SDAD1	ENCSR521WAI	81925	3342	723	25	-0.23847551792	83777.5675936	0.0
K562_RBM25	ENCSR344XID	73547	2695	1066	50	0.356173783724	74026.3783896	0.0
HepG2_HNRNPAB	ENCSR279HMU	83607	3705	696	42	0.445452216359	85842.270078	0.0
K562_TRA2A	ENCSR129RWD	80061	3532	709	29	-0.109118434425	82123.5168337	0.0
HepG2_EXOSC5	ENCSR521WAI	81483	3357	601	16	-0.629966525159	83610.5090973	0.0
K562_HNRNPL	ENCSR031RRO	81533	3780	1360	57	-0.145574961693	82502.5448169	0.0
K562_SUPV3L1	ENCSR661HEL	77373	3414	1356	63	0.0744337097437	77973.9271349	0.0
HepG2_SMNDC1	ENCSR491FOC	86473	3801	790	57	0.714979982246	88588.0720568	0.0
K562_FASTKD2	ENCSR084SCN	78143	3163	604	26	0.0887861611613	80050.8822903	0.0
K562_GEMIN5	ENCSR661HEL	78512	3485	775	41	0.253182119769	80373.1324574	0.0
HepG2_KHSRP	ENCSR237YZT	87866	4083	1044	47	-0.0457135991902	89779.9455488	0.0
K562_RTF1	ENCSR815CVQ	80997	3779	735	29	-0.241827394449	83254.8922371	0.0
K562_EIF3D	ENCSR661HEL	77817	3434	1184	59	0.175313101902	78784.0284649	0.0
HepG2_ABCF1	ENCSR067GHD	87085	4076	1076	65	0.368103736339	88893.3313364	0.0
HepG2_CEBPZ	ENCSR067GHD	86039	4034	689	32	-0.0136524048291	88636.7713518	0.0
K562_EIF4A3	ENCSR913CAE	77249	3670	3721	80	-1.14388229119	73497.9803771	0.0
HepG2_HSPD1	ENCSR246RRQ	88032	4120	941	31	-0.506542800096	90218.2918788	0.0
K562_HNRNPK	ENCSR129RWD	78370	3290	1461	51	-0.266173112888	78664.0270328	0.0
HepG2_ESF1	ENCSR067GHD	86463	4036	894	36	-0.213121205118	88648.5647865	0.0
HepG2_PUM1	ENCSR042QTH	88172	3946	1150	62	0.268635888025	89709.9732437	0.0
HepG2_SRSF9	ENCSR603TCV	85995	3930	1217	74	0.411991475076	87361.6163507	0.0
K562_SART3	ENCSR419JMU	80410	3722	1139	38	-0.472399548847	81794.5217901	0.0
HepG2_CELF1	ENCSR042QTH	86861	3895	988	49	0.145355941257	88693.8544323	0.0
HepG2_DDX3X	ENCSR237YZT	87632	4056	1190	66	0.260976489188	89193.2335866	0.0
K562_CPEB4	ENCSR031RRO	83194	3920	820	28	-0.464571252794	85426.2823136	0.0
HepG2_FTO	ENCSR264TUE	82278	3699	1514	47	-0.534261118386	82883.4563488	0.0
HepG2_DDX1	ENCSR305XWT	84299	3517	576	18	-0.41690172283	86632.027829	0.0
K562_GLRX3	ENCSR174OYC	81478	3903	815	24	-0.701938548667	83711.2997794	0.0
K562_FAM120A	ENCSR661HEL	77517	3345	592	21	-0.282701321008	79640.652963	0.0
K562_SLTM	ENCSR084SCN	77419	3093	626	22	-0.184978293981	79221.2182372	0.0
K562_DROSHA	ENCSR164MUK	82570	3851	1299	43	-0.494608283775	83757.9161408	0.0
K562_NUSAP1	ENCSR572FFX	77442	3605	604	21	-0.421042269308	79801.8331588	0.0
HepG2_HNRNPUL1	ENCSR104ABF	80359	3452	1114	41	-0.223026271292	81516.9301129	0.0
HepG2_ADAR	ENCSR305XWT	83531	3478	631	35	0.413768693724	85682.1188395	0.0
K562_BCLAF1	ENCSR245BNJ	79886	3585	859	47	0.285972199887	81668.8528533	0.0
HepG2_BOP1	ENCSR264TUE	81711	3700	1462	62	-0.0945981532176	82390.1975022	0.0
HepG2_RBM22	ENCSR997HCQ	89248	4130	1433	96	0.533745759181	90345.2402727	0.0
HepG2_EIF3G	ENCSR003EKR	85829	3827	658	26	-0.174324672179	88293.2211351	0.0
K562_PUF60	ENCSR620PUP	85855	4090	2632	86	-0.54394961136	84591.4957977	0.0
HepG2_SF1	ENCSR104ABF	80977	3567	1581	61	-0.191155240035	81291.9107162	0.0
K562_FXR2	ENCSR081EST	71361	2388	440	15	0.0267919726241	72841.8071876	0.0
K562_TAF15	ENCSR942UNX	74233	2792	520	22	0.169753633026	75944.8159373	0.0
HepG2_RCC2	ENCSR674KEK	86753	3862	1038	52	0.170342568681	88448.1198296	0.0
HepG2_SRSF5	ENCSR042QTH	90007	4041	539	34	0.490574328557	92905.5138279	0.0
K562_NFX1	ENCSR815CVQ	80532	3772	621	26	-0.161849158253	83014.9678831	0.0
HepG2_AARS	ENCSR856ZRV	87121	3923	494	21	-0.0830585355134	90016.9135297	0.0
HepG2_EXOSC9	ENCSR003EKR	85488	3811	687	25	-0.292829690033	87880.6848791	0.0
K562_QKI	ENCSR344XID	76323	2923	629	21	-0.198002638418	77951.334644	0.0
K562_SUGP2	ENCSR164MUK	80934	3698	1724	61	-0.368877951856	81099.7296733	0.0
HepG2_EIF3D	ENCSR689PHN	83676	3756	694	30	-0.0543563376156	85989.9955801	0.0
K562_RAVER1	ENCSR344XID	72513	2451	886	30	0.00252497981881	73143.192787	0.0
HepG2_DAZAP1	ENCSR042QTH	89814	4027	539	21	-0.202661070886	92724.344207	0.0
HepG2_HNRNPM	ENCSR067GHD	85056	3970	993	56	0.272907111775	86940.3828632	0.0
K562_CCAR2	ENCSR620PUP	87854	4201	734	45	0.358520126305	90503.6144296	0.0
HepG2_EEF2	ENCSR689PHN	84132	3825	1138	56	0.114193067509	85585.2128708	0.0
HepG2_BCCIP	ENCSR856ZRV	85893	3909	719	42	0.360138533803	88286.4699291	0.0
K562_MATR3	ENCSR129RWD	80122	3520	897	27	-0.545525572674	81804.2494003	0.0
HepG2_HNRNPF	ENCSR105NML	90201	4178	499	25	0.113219214714	93333.9101057	0.0
K562_EIF3A	ENCSR667PLJ	73448	3390	1410	70	0.1051695977	73906.5135576	0.0
HepG2_TARDBP	ENCSR264TUE	83581	3830	1194	35	-0.644545381778	84970.3767821	0.0
K562_SSB	ENCSR084SCN	77577	3087	733	28	-0.0589628680226	79149.1798483	0.0
HepG2_NUSAP1	ENCSR674KEK	87081	3880	687	45	0.555916224885	89502.9417922	0.0
K562_ATP5C1	ENCSR143COQ	83213	3995	1182	40	-0.504544701699	84781.190233	0.0
HepG2_SRSF5	ENCSR491FOC	88552	3908	394	28	0.68732562166	91617.9536632	0.0
K562_MBNL1	ENCSR143COQ	84206	4050	1365	35	-0.907472997471	85478.4294553	0.0
K562_NONO	ENCSR661HEL	78058	3474	775	52	0.592264057375	79886.4729524	0.0
HepG2_CIRBP	ENCSR237YZT	86040	3838	974	63	0.536082869533	87816.0601203	0.0
K562_MAGOH	ENCSR129RWD	79464	3471	1596	51	-0.450941447961	79673.8043201	0.0
HepG2_BUD13	ENCSR067GHD	86414	4072	675	32	0.00871190501642	89077.5240566	0.0
K562_AGO2	ENCSR898NWE	75162	2909	1071	36	-0.203409508642	75872.7064303	0.0
K562_NCBP2	ENCSR913CAE	79845	3695	862	31	-0.363791951202	81763.5661617	0.0
K562_SBDS	ENCSR419JMU	80587	3748	1043	37	-0.390715807763	82188.8643246	0.0
HepG2_TAF15	ENCSR603TCV	86329	3754	1218	55	0.054406017333	87554.9903454	0.0
K562_SMN1	ENCSR419JMU	80098	3710	1020	37	-0.352624943352	81707.3580911	0.0
HepG2_SRSF4	ENCSR853AOV	85919	3984	908	31	-0.44166452734	88034.8370435	0.0
HepG2_SRSF7	ENCSR603TCV	88419	4110	823	27	-0.502714999466	90836.8378185	0.0
K562_METAP2	ENCSR424QCW	75895	3278	1064	38	-0.274237838296	76984.357121	0.0
HepG2_SUB1	ENCSR491FOC	84880	3556	674	34	0.267955487041	87025.6770636	0.0
K562_PAPOLA	ENCSR942UNX	72236	2701	731	24	-0.18761263303	73434.6106878	0.0
K562_TBRG4	ENCSR344XID	74868	2605	629	20	-0.129994174343	76180.4380649	0.0
K562_SAFB	ENCSR341TTW	77254	3487	1104	57	0.193916921898	78435.708483	0.0
HepG2_PABPC1	ENCSR279HMU	83303	3716	1099	54	0.139457876841	84728.2836043	0.0
HepG2_FUBP3	ENCSR376RJN	83473	3902	922	43	-0.00333424683144	85455.6577993	0.0
HepG2_ATP5C1	ENCSR067GHD	87185	4101	767	34	-0.085587631394	89691.0294767	0.0
K562_TRIM56	ENCSR572FFX	77061	3601	995	30	-0.632130716876	78625.0972204	0.0
HepG2_PUS1	ENCSR538QOG	88546	4165	877	26	-0.665954579238	90913.8485132	0.0
HepG2_NONO	ENCSR856ZRV	86656	3907	894	48	0.251997962929	88688.8127998	0.0
K562_TARDBP	ENCSR129RWD	81253	3561	920	32	-0.333423310973	82920.7044058	0.0
HepG2_PPIG	ENCSR246RRQ	87980	4118	812	33	-0.203781931661	90415.7586975	0.0
HepG2_EIF4G1	ENCSR042QTH	87481	3826	822	26	-0.467493932333	89618.9004659	0.0
HepG2_SND1	ENCSR491FOC	86699	3807	676	45	0.600262538305	89069.8027485	0.0
HepG2_FIP1L1	ENCSR067GHD	86623	4073	1191	62	0.146825030958	88207.3191152	0.0
HepG2_XPO5	ENCSR279HMU	83533	3708	947	55	0.387772200831	85248.5517882	0.0
K562_SDAD1	ENCSR341TTW	78809	3556	767	30	-0.206159006088	80778.7178372	0.0
K562_RECQL	ENCSR942UNX	75577	3065	427	11	-0.654672367503	77768.4519712	0.0
K562_PA2G4	ENCSR661HEL	78406	3461	681	25	-0.265951584403	80461.0954499	0.0
HepG2_PA2G4	ENCSR689PHN	79965	3629	1031	30	-0.641213300881	81485.5408303	0.0
HepG2_DDX59	ENCSR264TUE	84456	3833	1209	44	-0.318512893942	85800.8120993	0.0
K562_RPS3	ENCSR772DUM	75653	3285	1805	57	-0.459461089998	75258.0544185	0.0
HepG2_HLTF	ENCSR491FOC	85049	3402	690	39	0.498788893967	86999.0450394	0.0
K562_UBE2L3	ENCSR620PUP	88512	4199	922	50	0.192988617661	90777.1995465	0.0
HepG2_DROSHA	ENCSR481WJH	71367	2782	989	20	-0.946835812574	72144.8492896	0.0
K562_DDX51	ENCSR661HEL	78711	3493	662	37	0.332792679955	80811.9596873	0.0
HepG2_HNRNPF	ENCSR305XWT	86121	3637	631	37	0.473501411297	88426.9996834	0.0
HepG2_SF3B1	ENCSR264TUE	82509	3609	2147	127	0.435458658254	81630.3370588	0.0
HepG2_RPLP0	ENCSR674KEK	87694	3891	681	33	0.127148383161	90162.5682772	0.0
K562_CELF1	ENCSR620PUP	88112	4174	694	35	0.0903271723577	90833.7596629	0.0
HepG2_GRSF1	ENCSR279HMU	84656	3748	830	36	-0.0296230600438	86680.4834238	0.0
K562_HNRNPF	ENCSR572FFX	79944	3686	497	33	0.526153861561	82573.3852176	0.0
K562_TAF15	ENCSR344XID	76364	2772	458	13	-0.354870558442	78196.8078633	0.0
K562_DDX21	ENCSR163JUC	84087	4001	471	15	-0.579242413304	87118.6944678	0.0
K562_ZC3H8	ENCSR718EWL	85391	4054	1024	56	0.204020949513	87298.0532586	0.0
K562_SUPT6H	ENCSR164MUK	80782	3748	1780	46	-0.844258563193	80917.7861765	0.0
K562_AUH	ENCSR718EWL	86151	4107	578	24	-0.199252491541	89058.0181372	0.0
K562_DDX52	ENCSR661HEL	78606	3468	566	32	0.357805391169	80882.370736	0.0
HepG2_LSM11	ENCSR674KEK	86824	3759	770	26	-0.358601848548	88998.0085921	0.0
HepG2_PCBP2	ENCSR491FOC	85863	3714	1160	63	0.328361693636	87147.7401358	0.0
K562_GRWD1	ENCSR572FFX	77230	3530	551	25	-0.0106310360273	79612.1081816	0.0
HepG2_XRN2	ENCSR856ZRV	84527	3839	821	39	0.0647735890304	86654.3704655	0.0
K562_SYNCRIP	ENCSR341TTW	78003	3457	1190	53	0.00711169883358	78992.9669842	0.0
HepG2_SUGP2	ENCSR246RRQ	87914	4104	820	32	-0.258489807711	90321.8978963	0.0
K562_CKAP4	ENCSR324WIS	82232	3778	930	40	-0.095153500226	84080.9413078	0.0
K562_AKAP8	ENCSR143COQ	83231	4011	1110	32	-0.741256861631	84973.0586765	0.0
K562_DDX19B	ENCSR143COQ	85237	4092	771	30	-0.303094687558	87734.1939198	0.0
HepG2_ZRANB2	ENCSR491FOC	86041	3773	791	32	-0.116293597345	88175.5432957	0.0
HepG2_PHF6	ENCSR674KEK	86386	3777	648	35	0.304917848587	88802.1851191	0.0
HepG2_PNPT1	ENCSR279HMU	83879	3692	752	40	0.273174446934	85994.1752715	0.0
K562_ASCC1	ENCSR913CAE	79498	3719	570	26	-0.036446478248	82029.2686646	0.0
K562_EIF2S1	ENCSR913CAE	80779	3807	665	28	-0.162601796971	83205.6804409	0.0
K562_FMR1	ENCSR424QCW	76229	3243	1158	48	-0.0375180157409	77078.3017112	0.0
K562_LARP7	ENCSR572FFX	77542	3446	747	44	0.406450525416	79413.758027	0.0
HepG2_NKRF	ENCSR246RRQ	87638	4097	853	31	-0.363288858119	89975.5369992	0.0
K562_HNRNPU	ENCSR438MDN	82963	3948	784	51	0.450989666904	85249.0676113	0.0
HepG2_MAGOH	ENCSR237YZT	86337	3995	2310	76	-0.492038067586	85623.2512904	0.0
HepG2_MATR3	ENCSR237YZT	86966	4018	1652	83	0.120943469651	87547.09581	0.0
K562_DDX55	ENCSR572FFX	75205	3320	830	33	-0.150999970974	76808.4883072	0.0
C4-2B_ZFX	ENCSR142YZV	93722	4454	399	19	0.00289685520161	97341.7797021	0.0
HepG2_SUPT6H	ENCSR067GHD	85569	3997	865	48	0.248504930988	87749.3205453	0.0
K562_RBFOX2	ENCSR667PLJ	75366	3589	723	30	-0.198701244976	77456.1866392	0.0
HepG2_PCBP1	ENCSR603TCV	86927	3989	1533	89	0.33929677636	87701.0209127	0.0
K562_RCC2	ENCSR572FFX	75666	3468	866	27	-0.555866335579	77358.1216077	0.0
K562_EXOSC9	ENCSR815CVQ	81834	3867	790	22	-0.762863522186	84084.7515761	0.0
HepG2_SLBP	ENCSR042QTH	87490	3921	996	45	0.0116757453838	89340.8550714	0.0
K562_MAK16	ENCSR143COQ	83448	4030	1253	36	-0.749219968846	84919.1358077	0.0
HepG2_SBDS	ENCSR279HMU	84654	3753	833	39	0.07869157691	86671.6020414	0.0
K562_UTP18	ENCSR143COQ	82026	3995	2314	55	-1.03499956673	81349.0364494	0.0
K562_CPSF7	ENCSR667PLJ	75515	3554	661	33	0.0851353154938	77687.0922989	0.0
K562_SND1	ENCSR084SCN	75896	2845	600	20	-0.169367300975	77505.8839305	0.0
HepG2_DDX21	ENCSR003EKR	86957	3913	482	19	-0.191006669619	89870.7639679	0.0
HepG2_HNRNPA1	ENCSR305XWT	82866	3477	997	47	0.168004469054	84267.6306959	0.0
HepG2_FAM120A	ENCSR689PHN	83628	3822	795	39	0.102177545964	85789.9555356	0.0
HepG2_PUM2	ENCSR042QTH	88700	4039	1185	43	-0.327542535711	90299.2889591	0.0
K562_DNAJC2	ENCSR667PLJ	75825	3527	768	23	-0.635240432691	77777.9287395	0.0
K562_SRSF9	ENCSR341TTW	80935	3741	790	30	-0.283550393468	83043.9517036	0.0
K562_WDR3	ENCSR174OYC	81800	3920	944	33	-0.455073646289	83777.1718893	0.0
K562_APOBEC3C	ENCSR620PUP	84667	3999	1025	41	-0.239767604981	86546.8292629	0.0
K562_HNRNPA0	ENCSR419JMU	79222	3593	1095	32	-0.634074871663	80576.419999	0.0
HepG2_RAVER1	ENCSR491FOC	83005	3347	1839	122	0.718289360196	82475.1905491	0.0
HepG2_DDX6	ENCSR237YZT	86108	4078	1356	56	-0.197572941831	87384.1228391	0.0
HepG2_KIF1C	ENCSR538QOG	88438	4208	659	25	-0.326818675588	91283.0590967	0.0
HepG2_DDX47	ENCSR968BBQ	87244	4156	720	38	0.14786277455	89890.2894054	0.0
HepG2_HNRNPU	ENCSR305XWT	84035	3591	1643	48	-0.548621496718	84276.7645171	0.0
HepG2_GEMIN5	ENCSR689PHN	82967	3766	1046	53	0.158686034009	84548.9332479	0.0
K562_NUFIP2	ENCSR174OYC	82099	3888	649	35	0.187472874373	84624.4454756	0.0
HepG2_PRPF6	ENCSR491FOC	86674	3727	720	37	0.257112831571	88893.3483519	0.0
K562_PUM1	ENCSR620PUP	87140	4090	1103	46	-0.170492754561	88946.4789041	0.0
HepG2_RBM34	ENCSR491FOC	86002	3653	599	29	0.188785353998	88403.4022294	0.0
K562_NOL12	ENCSR620PUP	86709	4061	985	50	0.116151089462	88711.8050502	0.0
HepG2_FMR1	ENCSR042QTH	87737	3945	698	43	0.454269700126	90206.0216996	0.0
K562_SF1	ENCSR898NWE	78254	3066	783	35	0.190149415694	79692.2341461	0.0
K562_DDX3X	ENCSR913CAE	79685	3749	697	25	-0.391428211704	81996.2633291	0.0
K562_HNRNPC	ENCSR572FFX	78242	3544	1406	89	0.482845291415	78823.5007081	0.0
K562_FTO	ENCSR424QCW	75536	3231	1019	36	-0.275901602385	76671.1476854	0.0
MCF-7_ZFX	ENCSR783OQM	95050	4647	281	15	0.1267793523	99105.8791495	0.0
HepG2_APOBEC3C	ENCSR279HMU	85183	3782	851	39	0.0457311688181	87193.9038763	0.0
HepG2_SUPV3L1	ENCSR856ZRV	85907	3866	1061	59	0.305296257729	87547.0043635	0.0
K562_ABCF1	ENCSR032YMP	81235	3663	940	44	0.0539185106532	82941.4056135	0.0
HepG2_CNOT7	ENCSR279HMU	83760	3689	1211	50	-0.0931672117963	84945.1862984	0.0
HepG2_STAU1	ENCSR067GHD	86115	4060	778	35	-0.067630404234	88556.3305112	0.0
HepG2_TRA2A	ENCSR491FOC	86642	3781	687	35	0.223343519461	88984.7713349	0.0
HepG2_PES1	ENCSR538QOG	88538	4214	672	33	0.0451112618311	91347.3588783	0.0
K562_RPS19	ENCSR661HEL	77091	3400	1477	75	0.203320370584	77416.952514	0.0
HepG2_RECQL	ENCSR603TCV	88042	4053	921	41	-0.0483755034869	90181.0492585	0.0
HepG2_NELFE	ENCSR603TCV	87849	4050	1109	48	-0.0910490986646	89599.568832	0.0
HepG2_SF3B4	ENCSR603TCV	87125	4015	1748	88	0.127557007263	87504.9991143	0.0
HepG2_EIF4A3	ENCSR237YZT	86755	3959	1709	75	-0.0563790559143	87181.0866654	0.0
K562_RRP9	ENCSR661HEL	77783	3411	743	32	-0.0260301816847	79651.3975015	0.0
HepG2_HDGF	ENCSR538QOG	88773	4204	669	34	0.101886818794	91576.3166105	0.0
K562_PTBP1	ENCSR129RWD	81658	3590	641	18	-0.646717061399	83935.1219806	0.0
K562_AGGF1	ENCSR143COQ	79729	3893	2519	61	-1.01174774474	78542.5424303	0.0
K562_SRSF4	ENCSR772DUM	76339	3315	1181	40	-0.358525641815	77230.7532764	0.0
HepG2_RBM15	ENCSR585KOJ	88290	4158	894	33	-0.351448522134	90603.3143003	0.0
HepG2_UPF2	ENCSR856ZRV	83750	3773	476	21	-0.0301951553321	86531.8222682	0.0
K562_PSIP1	ENCSR572FFX	76555	3587	1044	27	-0.857371537963	78014.4405273	0.0
K562_FKBP4	ENCSR572FFX	74980	3205	890	27	-0.494664460021	76361.7916075	0.0
HepG2_CKAP4	ENCSR538QOG	87848	4136	1365	72	0.163941116221	89132.4630311	0.0
K562_EIF4B	ENCSR913CAE	79097	3754	651	20	-0.627463216525	81514.4645438	0.0
K562_TFIP11	ENCSR661HEL	77439	3431	755	35	0.0653094743736	79297.7179938	0.0
HepG2_DDX27	ENCSR856ZRV	86739	3839	353	19	0.282281485572	89835.5306321	0.0
HepG2_NAA15	ENCSR067GHD	85443	3967	805	40	0.0979251218527	87727.9876234	0.0
HepG2_FKBP4	ENCSR856ZRV	86135	3819	512	30	0.402223350389	88873.2790724	0.0
HepG2_LARP7	ENCSR674KEK	86792	3872	788	35	-0.00635759097958	89025.4707661	0.0
HepG2_AGGF1	ENCSR853AOV	83924	3701	805	31	-0.195552261835	85960.9812291	0.0
HepG2_SFPQ	ENCSR104ABF	80600	3572	1344	44	-0.43690995096	81418.9531099	0.0
K562_CPSF6	ENCSR424QCW	76530	3301	1153	34	-0.548663600413	77474.7212801	0.0
K562_HNRNPF	ENCSR163JUC	83347	3950	465	24	0.123081307964	86321.7400973	0.0
HepG2_RBM14	ENCSR521WAI	81054	3322	816	42	0.328651486629	82668.7459732	0.0
HepG2_TRIM56	ENCSR305XWT	84281	3606	1061	45	-0.012619714533	85688.918323	0.0
HepG2_CSTF2	ENCSR856ZRV	82180	3555	428	27	0.544286381311	84827.4341215	0.0
HepG2_NPM1	ENCSR104ABF	81127	3516	1236	38	-0.495360350169	82114.2416134	0.0
K562_LSM11	ENCSR572FFX	77438	3586	708	29	-0.177030255829	79556.7076242	0.0
HepG2_GPKOW	ENCSR264TUE	84480	3877	1329	70	0.198754822163	85581.1710726	0.0
HepG2_U2AF1	ENCSR067GHD	83368	3849	3700	167	-0.0326671137993	79654.4574661	0.0
K562_FIP1L1	ENCSR032YMP	78514	3550	946	35	-0.28935435913	80113.7432414	0.0
HepG2_PTBP1	ENCSR603TCV	87266	4041	1457	51	-0.403724406672	88315.9698392	0.0
K562_EFTUD2	ENCSR661HEL	77011	3413	1739	80	0.0538380884105	76827.143872	0.0
HepG2_SRSF3	ENCSR264TUE	84259	3803	1757	52	-0.608837808094	84481.348635	0.0
HepG2_DNAJC21	ENCSR305XWT	83435	3556	796	32	-0.0842991456017	85342.8820912	0.0
HepG2_HNRNPD	ENCSR279HMU	84247	3703	745	40	0.288690338365	86387.0201505	0.0
HepG2_PSIP1	ENCSR674KEK	87812	3914	760	30	-0.175262568236	90152.8076325	0.0
K562_HNRNPU	ENCSR898NWE	77774	3068	1288	83	0.708040105321	78123.5757528	0.0
HepG2_GTF2F1	ENCSR491FOC	86697	3748	631	35	0.359576036192	89117.919399	0.0
K562_ILF2	ENCSR419JMU	79623	3583	1223	45	-0.290410311183	80689.3503063	0.0
K562_FXR1	ENCSR913CAE	77913	3531	1715	69	-0.171753064455	77915.098462	0.0
HepG2_SNRNP70	ENCSR264TUE	83754	3730	1791	83	0.0574003674179	83776.1457563	0.0
K562_SERBP1	ENCSR661HEL	76430	3307	848	39	0.0880258440114	77972.868595	0.0
HepG2_KHDRBS1	ENCSR279HMU	84874	3781	910	45	0.150613278183	86755.2923886	0.0
K562_PPIG	ENCSR032YMP	80012	3651	943	37	-0.217807780904	81714.4889112	0.0
HepG2_DDX5	ENCSR776SXA	85723	3934	806	31	-0.254826240779	87990.8225968	0.0
HepG2_TUFM	ENCSR042QTH	87676	3973	1058	47	-0.0286537785575	89452.3230544	0.0
K562_SF3A3	ENCSR174OYC	81655	3897	1464	56	-0.319239523466	82539.0529121	0.0
HepG2_G3BP1	ENCSR237YZT	87527	4085	1171	53	-0.0442847666768	89180.3541292	0.0
K562_SRSF5	ENCSR129RWD	79850	3515	738	34	0.065681648416	81828.1497153	0.0
K562_CNOT8	ENCSR898NWE	75283	2926	1007	47	0.264063329163	76115.2247828	0.0
K562_SF3B1	ENCSR424QCW	74422	3119	1769	60	-0.305254033262	73926.2030861	0.0
K562_AATF	ENCSR815CVQ	81052	3791	640	27	-0.148843168917	83514.2458434	0.0
K562_SMNDC1	ENCSR815CVQ	80512	3772	902	27	-0.646293874888	82436.2986418	0.0
HepG2_FASTKD2	ENCSR003EKR	85467	3763	696	24	-0.352568706798	87795.8209412	0.0
HepG2_NSUN2	ENCSR264TUE	81402	3607	1206	43	-0.313556524327	82529.3799395	0.0
K562_TROVE2	ENCSR092WKG	84143	4097	823	26	-0.624105443931	86550.2147355	0.0
HepG2_ACO1	ENCSR538QOG	87991	4126	907	43	0.0158462556844	90226.797374	0.0
K562_SNRNP200	ENCSR164MUK	77716	3536	2279	70	-0.566880724053	76622.2167853	0.0
HepG2_DDX55	ENCSR856ZRV	86549	3902	941	56	0.400535476845	88468.0346694	0.0
HepG2_PPIL4	ENCSR305XWT	83425	3553	846	29	-0.313162670367	85236.8158563	0.0
HepG2_PABPC4	ENCSR237YZT	87028	4031	1161	46	-0.225320347205	88661.0132918	0.0
K562_EWSR1	ENCSR913CAE	78710	3703	777	31	-0.237793992795	80804.9298153	0.0
HepG2_ILF3	ENCSR279HMU	85014	3775	971	48	0.154786907795	86762.7007515	0.0
K562_PUS1	ENCSR143COQ	77947	3764	3974	89	-1.10848776147	73789.7122848	0.0
K562_G3BP2	ENCSR344XID	67555	1685	1091	28	0.0411615920109	67020.0847179	0.0
HepG2_HNRNPL	ENCSR042QTH	86285	3888	1261	50	-0.184486715119	87570.0717113	0.0
HepG2_CCAR1	ENCSR135LXL	89335	4244	1218	49	-0.239859624606	91062.172042	0.0
HepG2_TBRG4	ENCSR246RRQ	86864	4042	1234	41	-0.485957512382	88373.9462295	0.0
K562_SRFBP1	ENCSR572FFX	74499	3475	865	29	-0.476439149935	76196.2854378	0.0
HepG2_CPSF7	ENCSR067GHD	86699	4092	791	49	0.392313262716	89118.8034584	0.0
HepG2_CPSF6	ENCSR264TUE	83198	3753	1258	50	-0.182627364662	84354.6877929	0.0
K562_ILF3	ENCSR667PLJ	75359	3507	633	28	-0.0732362822929	77549.5406219	0.0
HepG2_EIF2S1	ENCSR237YZT	85544	4048	1261	46	-0.375405130836	86997.1110678	0.0
HepG2_SART3	ENCSR279HMU	84599	3716	799	60	0.773657105959	86605.5149839	0.0
HepG2_G3BP2	ENCSR237YZT	87788	4011	1011	48	0.0553850945612	89693.2174809	0.0
K562_DNAJC21	ENCSR667PLJ	75745	3573	769	32	-0.18089694895	77724.0938551	0.0
HepG2_TROVE2	ENCSR689PHN	82579	3739	743	26	-0.37172811057	84786.8658985	0.0
HepG2_MSI2	ENCSR067GHD	86309	4048	978	44	-0.0600292250293	88324.5603496	0.0
HepG2_PKM	ENCSR689PHN	82760	3782	857	37	-0.0819856516859	84763.236422	0.0
HepG2_AGO1	ENCSR003EKR	85312	3704	650	33	0.225690893271	87655.2464165	0.0
HepG2_AUH	ENCSR997HCQ	91352	4361	898	33	-0.37747209631	93860.0771501	0.0
K562_IGF2BP1	ENCSR163JUC	84142	4005	489	21	-0.148421269494	87129.9519868	0.0
K562_TARDBP	ENCSR372DZW	84432	3833	551	24	-0.0597020224574	87118.7460788	0.0
K562_HNRNPM	ENCSR032YMP	74758	3231	1202	51	-0.0266205212617	75503.1314272	0.0
HepG2_HNRNPA2B1	ENCSR042QTH	86992	3820	771	26	-0.380909141899	89225.0102469	0.0
K562_PKM	ENCSR438MDN	82635	3958	755	33	-0.132029268728	85024.1732451	0.0
K562_DKC1	ENCSR143COQ	83290	3958	1006	30	-0.672224219183	85188.378138	0.0
HepG2_ETF1	ENCSR997HCQ	91842	4368	1097	46	-0.18167655647	93937.5874679	0.0
HepG2_ILF2	ENCSR305XWT	84815	3582	894	30	-0.331758232092	86558.6745423	0.0
K562_EEF2	ENCSR661HEL	78148	3439	810	37	0.0538231984538	79901.7936892	0.0
K562_RPS3A	ENCSR419JMU	79340	3534	1069	45	-0.0815185889098	80660.9763451	0.0
K562_SUB1	ENCSR815CVQ	80905	3810	604	21	-0.437721354148	83469.6249378	0.0
K562_XPO5	ENCSR164MUK	79838	3609	1363	45	-0.453312218256	80654.83033	0.0
K562_G3BP1	ENCSR129RWD	79131	3413	769	15	-1.14481852283	80983.5391144	0.0
K562_SAFB2	ENCSR154OBA	81108	3812	717	22	-0.615173494297	83448.4652941	0.0
HepG2_MARK2	ENCSR674KEK	85383	3749	721	32	0.0155156737409	87632.3614826	0.0
K562_SSRP1	ENCSR032YMP	80990	3630	955	32	-0.419654589754	82657.5430518	0.0
HepG2_HNRNPK	ENCSR237YZT	86028	3992	1952	78	-0.215712446458	86005.8154881	0.0
K562_KIF1C	ENCSR143COQ	83006	3995	1903	51	-0.84468628867	83137.2793437	0.0
K562_KRR1	ENCSR424QCW	73794	3039	1165	36	-0.414354298834	74449.818534	0.0
K562_EIF3H	ENCSR226KWO	82113	3725	935	30	-0.499633644577	83918.8882197	0.0
HepG2_SF3A3	ENCSR691IVR	85322	3984	2776	87	-0.575220125517	83672.2185949	0.0
HepG2_UCHL5	ENCSR856ZRV	78183	3576	829	35	-0.115508972104	80040.1327205	0.0
K562_PARN	ENCSR667PLJ	74695	3555	693	33	0.000772786113363	76804.7357956	0.0
K562_SRPK2	ENCSR174OYC	82503	3932	920	26	-0.753938979552	84553.4309436	0.0
K562_XRCC6	ENCSR815CVQ	79475	3656	1277	59	0.00626337551375	80480.4709004	0.0
K562_IGF2BP1	ENCSR129RWD	81700	3590	528	26	0.164325927993	84185.6005897	0.0
HepG2_AKAP1	ENCSR237YZT	86921	3975	1441	66	0.00221750606191	87906.9851393	0.0
K562_PABPC4	ENCSR344XID	75429	2851	748	26	-0.120875386614	76739.6547343	0.0
K562_DDX6	ENCSR913CAE	79841	3804	649	19	-0.702606515477	82314.3703977	0.0
K562_WDR43	ENCSR174OYC	81668	3868	985	45	-0.0520156205349	83488.4036385	0.0
K562_BUD13	ENCSR032YMP	78671	3531	967	33	-0.395294764274	80214.1944811	0.0
HepG2_UTP18	ENCSR691IVR	88728	4149	756	24	-0.558726036463	91323.5802676	0.0
K562_KHDRBS1	ENCSR667PLJ	75401	3558	737	34	-0.0326127263089	77424.528639	0.0
HepG2_HNRNPC	ENCSR305XWT	83659	3521	1806	78	0.0372836622055	83452.715188	0.0
K562_TRIP6	ENCSR032YMP	80926	3663	909	42	0.0296866203067	82697.6919004	0.0
K562_FXR2	ENCSR828YEB	64700	2329	1114	31	-0.371354039397	64758.5933962	0.0
HepG2_CCAR2	ENCSR674KEK	86012	3732	612	38	0.517056731505	88448.7414791	0.0
K562_PTBP1	ENCSR163JUC	83607	3949	688	25	-0.378344100765	86135.8198034	0.0
HepG2_IGF2BP2	ENCSR237YZT	86510	3992	1173	65	0.264063797875	88042.9632217	0.0
HepG2_NUP35	ENCSR960MSV	85659	4044	693	25	-0.388105419694	88272.7610712	0.0
K562_HNRNPAB	ENCSR419JMU	80066	3661	1089	31	-0.683711874374	81502.0742894	0.0
K562_PHF6	ENCSR572FFX	77625	3528	831	29	-0.381124774318	79442.1344946	0.0
K562_SF1	ENCSR164MUK	80703	3605	1233	67	0.282683245768	81728.0832879	0.0
HepG2_RBM25	ENCSR603TCV	86327	3970	1551	77	0.110404510602	87070.3595994	0.0
K562_CSTF2	ENCSR245BNJ	77571	3520	872	39	-0.0209120397433	79279.2345284	0.0
HepG2_DDX19B	ENCSR538QOG	88022	4089	850	83	1.07176458478	90254.8929392	0.0
HepG2_AKAP8L	ENCSR538QOG	88815	4213	846	29	-0.468649324523	91286.2581239	0.0
K562_UCHL5	ENCSR661HEL	78281	3473	906	57	0.503930644064	79839.4212653	0.0
HepG2_GRWD1	ENCSR674KEK	86010	3673	606	33	0.350693740003	88409.5661775	0.0
K562_UPF2	ENCSR438MDN	82584	3924	602	31	0.116041984866	85246.6332108	0.0
K562_RBM34	ENCSR129RWD	80286	3522	608	23	-0.213683934255	82550.7545382	0.0
K562_RPS10	ENCSR084SCN	77464	3144	560	18	-0.336505138638	79456.1513856	0.0
HepG2_NOL12	ENCSR042QTH	88065	4004	970	43	-0.0365213042519	90054.145942	0.0
K562_EIF4G2	ENCSR620PUP	86345	4128	1003	44	-0.124076510153	88391.1200317	0.0
HepG2_RPS19	ENCSR689PHN	82694	3783	1280	62	0.0824481900676	83813.8289286	0.0
K562_SLBP	ENCSR667PLJ	75953	3576	783	38	0.0437473240998	77895.4757555	0.0
HepG2_SRP68	ENCSR856ZRV	86814	3899	487	26	0.249413412865	89689.9052989	0.0
K562_UTP3	ENCSR024FOF	82183	3813	947	39	-0.171976837321	84035.3112405	0.0
HepG2_TFIP11	ENCSR856ZRV	84407	3783	738	48	0.537245461934	86625.0616332	0.0
HepG2_RPS10	ENCSR491FOC	85567	3686	818	44	0.320401119843	87537.3451144	0.0
K562_MTPAP	ENCSR174OYC	81905	3924	925	28	-0.662400054218	83933.6463501	0.0
K562_DGCR8	ENCSR395HQT	82133	3999	483	15	-0.648737974394	85138.8966449	0.0
K562_PRPF8	ENCSR661HEL	75168	3229	2274	117	0.260307453089	73688.0329754	0.0
K562_LIN28B	ENCSR572FFX	77853	3596	498	18	-0.353789223173	80420.2756421	0.0
K562_CIRBP	ENCSR129RWD	80675	3505	599	26	-0.00133715128401	82934.6403542	0.0
HepG2_FUS	ENCSR491FOC	87006	3793	932	39	-0.0590803087965	88867.3844972	0.0
K562_CSTF2T	ENCSR815CVQ	81116	3816	626	25	-0.236309221835	83634.9948408	0.0
K562_ESF1	ENCSR032YMP	80003	3581	820	33	-0.153466303868	81886.7087898	0.0
K562_DDX47	ENCSR031RRO	83372	3840	673	27	-0.199190464209	85817.622471	0.0
K562_PNPT1	ENCSR620PUP	87253	4162	888	40	-0.082631905619	89568.4218734	0.0
HepG2_METAP2	ENCSR689PHN	83789	3788	1192	50	-0.108059710356	85110.6176225	0.0
K562_CCDC124	ENCSR143COQ	85229	4100	836	25	-0.68585435208	87615.3526526	0.0
HepG2_EIF2S2	ENCSR067GHD	86315	4041	816	37	-0.0461449372439	88658.0530335	0.0
K562_DDX24	ENCSR913CAE	80081	3749	670	22	-0.511703407713	82451.7346754	0.0
K562_U2AF2	ENCSR344XID	69733	2243	2734	61	-0.527720166093	66494.8500249	0.0
HepG2_CSTF2T	ENCSR003EKR	85091	3595	609	19	-0.437428032841	87434.4590568	0.0
K562_PCBP3	ENCSR341TTW	80767	3701	1255	70	0.283590280468	81838.8248146	0.0
K562_SFPQ	ENCSR164MUK	80301	3817	1362	51	-0.344178783762	81315.7825572	0.0
K562_TRNAU1AP	ENCSR341TTW	79505	3653	919	37	-0.190575751392	81256.9975012	0.0
HepG2_RBM39	ENCSR104ABF	79538	3434	1341	53	-0.12749072607	80207.4270764	0.0
HepG2_AATF	ENCSR003EKR	84672	3599	578	27	0.136178779017	87065.1481817	0.0
K562_SRSF7	ENCSR163JUC	83232	3927	773	42	0.203631620131	85536.6282756	0.0
K562_PPP1R8	ENCSR164MUK	80614	3830	1878	49	-0.864657391619	80634.3771597	0.0
HepG2_RBM27	ENCSR674KEK	87508	3888	1016	46	0.0271920596906	89284.3403716	0.0
HepG2_SMN1	ENCSR305XWT	85102	3611	869	42	0.187827767954	86900.3621061	0.0
K562_LARP4	ENCSR164MUK	81874	3835	1111	45	-0.209683107173	83412.6038918	0.0
HepG2_DDX52	ENCSR689PHN	84293	3847	720	40	0.283682093263	86626.5658854	0.0
K562_GPKOW	ENCSR424QCW	76002	3276	1045	42	-0.100939682565	77118.9068334	0.0
HepG2_FASTKD1	ENCSR279HMU	83910	3628	667	28	-0.0425916355708	86153.5180753	0.0
K562_SRP68	ENCSR661HEL	78324	3493	822	34	-0.108615845141	80113.9577287	0.0
HepG2_TIAL1	ENCSR305XWT	83031	3544	1441	67	0.123434135043	83585.2751507	0.0
K562_SRSF1	ENCSR129RWD	77670	3373	2408	100	-0.0645102444945	76104.6198505	0.0
K562_TIA1	ENCSR129RWD	80159	3533	794	29	-0.271115345628	82054.10286	0.0
HepG2_RPS5	ENCSR674KEK	87538	3895	812	36	-0.00519672636086	89744.8648232	0.0
K562_PTBP1	ENCSR898NWE	79284	3149	613	19	-0.357751662284	81173.8541709	0.0
HepG2_DNAJC2	ENCSR305XWT	83615	3570	800	34	-0.00662755203955	85524.9779386	0.0
K562_U2AF1	ENCSR344XID	70378	2362	2489	57	-0.55141685446	67737.4019153	0.0
HepG2_DKC1	ENCSR538QOG	87411	4087	1005	37	-0.344825725717	89425.8898604	0.0
K562_BOP1	ENCSR424QCW	75619	3217	1101	37	-0.34018445806	76576.4559277	0.0
HepG2_SLTM	ENCSR491FOC	86223	3741	711	35	0.182154156125	88478.190401	0.0
HepG2_CDC40	ENCSR481WJH	74998	3000	877	22	-0.673183696413	76210.4166601	0.0
HepG2_EIF4B	ENCSR237YZT	87100	3983	1282	56	-0.0660802905517	88426.6567377	0.0
K562_AGO1	ENCSR084SCN	77609	3114	611	25	0.028210736015	79456.0109862	0.0
K562_EIF2S2	ENCSR118EFE	81794	3739	805	32	-0.201574331177	83867.1965172	0.0
HepG2_EFTUD2	ENCSR689PHN	83869	3820	976	32	-0.474244226537	85684.6259662	0.0
K562_ZNF800	ENCSR341TTW	80571	3717	844	39	0.00235309836638	82531.2502976	0.0
K562_PPIL4	ENCSR419JMU	79060	3598	1094	34	-0.550253318087	80417.4596149	0.0
HepG2_RPLP0	ENCSR105NML	90903	4188	575	18	-0.557498584439	93908.7144826	0.0
K562_RBM17	ENCSR118EFE	82370	3776	958	36	-0.286768525386	84169.4851895	0.0
HepG2_RPL23A	ENCSR674KEK	87207	3877	637	28	-0.0163633373711	89758.8551589	0.0
HepG2_XRCC6	ENCSR491FOC	86632	3791	951	39	-0.0936496496623	88453.8407854	0.0
HepG2_STIP1	ENCSR279HMU	83246	3715	797	55	0.628870635496	85265.4447713	0.0
HepG2_QKI	ENCSR603TCV	87901	4070	1277	44	-0.426332312481	89348.0275579	0.0
HepG2_BCLAF1	ENCSR856ZRV	86333	3875	745	41	0.294099295585	88642.8626923	0.0
HepG2_SAFB2	ENCSR305XWT	83204	3540	904	51	0.407078001173	84844.5565813	0.0
K562_PABPC1	ENCSR419JMU	80616	3705	1171	42	-0.35768718396	81912.4856524	0.0
HepG2_TIA1	ENCSR603TCV	86771	3965	928	35	-0.2768777935	88820.2337439	0.0
HepG2_U2AF2	ENCSR104ABF	80273	3490	2476	80	-0.42825163019	78729.2053929	0.0
K562_CNOT7	ENCSR419JMU	80558	3726	1462	53	-0.351478854541	81281.286874	0.0
HepG2_SERBP1	ENCSR689PHN	83461	3778	1066	46	-0.0690221669777	85029.1754979	0.0
K562_XRN2	ENCSR661HEL	78393	3488	908	49	0.278414248129	79978.2054216	0.0
K562_PUM2	ENCSR620PUP	87883	4211	896	48	0.160956916909	90215.682193	0.0
HepG2_RBFOX2	ENCSR104ABF	81095	3568	1082	49	0.0416505061779	82416.1093771	0.0
K562_XRCC5	ENCSR815CVQ	81227	3804	761	27	-0.40049493111	83462.3213017	0.0
K562_STAU1	ENCSR032YMP	80494	3616	1013	40	-0.186075697625	82017.1908691	0.0
K562_HNRNPA1	ENCSR438MDN	82056	3899	889	37	-0.191153474444	84112.982599	0.0
HepG2_LIN28B	ENCSR674KEK	87009	3851	792	44	0.327934607867	89195.7119118	0.0
K562_STIP1	ENCSR419JMU	80133	3719	1013	30	-0.64811802728	81779.0478234	0.0
K562_DDX27	ENCSR245BNJ	78737	3487	588	38	0.545238644039	80976.8052344	0.0
HepG2_RRP9	ENCSR856ZRV	83622	3660	1169	53	0.0508282353594	84855.1096092	0.0
K562_PES1	ENCSR661HEL	78031	3465	694	37	0.263781644438	80040.5674612	0.0
K562_SF3B4	ENCSR344XID	72991	2793	2914	86	-0.374689299577	69902.9828845	0.0
K562_HNRNPUL1	ENCSR164MUK	81630	3867	1397	53	-0.320383063071	82621.6343902	0.0
K562_RBM3	ENCSR936VPP	81661	3284	512	20	-0.0419507027903	83884.331952	0.0
K562_NAA15	ENCSR143COQ	77300	3596	2258	65	-0.692458469559	76317.1330537	0.0
K562_PCBP2	ENCSR129RWD	77557	3325	2196	90	-0.0649784890938	76374.6150812	0.0
K562_HNRNPH1	ENCSR341TTW	80487	3716	899	49	0.239465914373	82317.6875104	0.0
K562_RECQL	ENCSR344XID	77224	2971	460	17	-0.0579984359579	79243.8373544	0.0
K562_AKAP1	ENCSR913CAE	79507	3746	680	18	-0.831806854832	81862.9023324	0.0
HepG2_UTP3	ENCSR691IVR	86512	3955	1169	47	-0.185319701132	88051.3547352	0.0
HepG2_DDX21	ENCSR105NML	90506	4155	516	24	0.018828300505	93584.0804884	0.0
HepG2_SSRP1	ENCSR246RRQ	88113	4107	810	38	0.00934745017344	90531.7977152	0.0
K562_DHX30	ENCSR667PLJ	75345	3576	739	36	0.0375875813932	77378.6106874	0.0
K562_WRN	ENCSR718EWL	85895	4097	653	21	-0.568687403043	88649.071945	0.0
K562_HNRNPC	ENCSR771ZZL	72327	2413	1082	44	0.285581326529	72504.9888624	0.0
HepG2_DDX28	ENCSR856ZRV	85742	3801	546	36	0.572718999761	88382.8178587	0.0
HepG2_FXR1	ENCSR237YZT	87523	4066	1046	37	-0.393233701104	89435.8375914	0.0
HepG2_DAZAP1	ENCSR003EKR	86942	3899	421	17	-0.151336358138	89967.1127335	0.0
K562_YBX3	ENCSR667PLJ	75896	3567	596	27	-0.053040286938	78221.8846728	0.0
K562_EIF3G	ENCSR084SCN	76943	3179	1012	46	0.137713541043	78019.9760427	0.0
K562_FXR2	ENCSR913CAE	81226	3805	337	12	-0.395669039145	84334.4360303	0.0
HepG2_DHX30	ENCSR305XWT	82755	3447	785	23	-0.507553610348	84593.5998446	0.0
K562_CEBPZ	ENCSR163JUC	84245	3983	492	19	-0.29192331284	87208.9639689	0.0
K562_FUBP3	ENCSR913CAE	79250	3686	774	19	-0.92197928353	81357.6572568	0.0
K562_BCCIP	ENCSR245BNJ	80199	3594	659	40	0.437715373771	82400.860229	0.0
K562_GTF2F1	ENCSR815CVQ	80831	3769	614	26	-0.139000131284	83324.8433606	0.0
HepG2_RTF1	ENCSR491FOC	86335	3632	635	30	0.167387249272	88641.918267	0.0
HepG2_NCBP2	ENCSR237YZT	7962	359	122	5	-0.137734120407	8068.93901744	0.0
HepG2_DDX24	ENCSR003EKR	85126	3664	691	28	-0.0870785458936	87357.8230826	0.0
K562_DDX47	ENCSR898NWE	79111	3114	504	26	0.39019725349	81168.4279651	0.0
HepG2_CALR	ENCSR364GRM	83522	3660	791	26	-0.414853461164	85555.6759113	0.0
K562_AQR	ENCSR718EWL	79024	3790	5105	139	-0.816733052722	72660.8840934	0.0
K562_UPF1	ENCSR174OYC	82792	3954	925	46	0.0583589946387	84814.8697881	0.0
K562_IGF2BP3	ENCSR129RWD	80854	3517	473	21	0.0295229576749	83385.8924649	0.0
K562_CELF1	ENCSR081EST	71283	2333	1023	74	1.14416277852	71439.028519	0.0
K562_DDX28	ENCSR661HEL	78679	3471	588	37	0.512336371777	80904.7887727	0.0
K562_HSPD1	ENCSR032YMP	81029	3652	1039	50	0.0945559164383	82517.0072063	0.0
HepG2_U2AF2	ENCSR491FOC	84956	3687	2684	107	-0.122505450296	83148.9003756	0.0
HepG2_RBM47	ENCSR279HMU	84836	3744	733	36	0.154279872971	87048.6794204	0.0
HepG2_LARP4	ENCSR135LXL	89303	4210	1218	48	-0.258519414258	90998.1595211	0.0
K562_EIF4G1	ENCSR667PLJ	75860	3582	646	27	-0.176000723335	78101.7046513	0.0
K562_AGO3	ENCSR898NWE	76007	2899	752	28	-0.0347288758884	77353.7105949	0.0
HepG2_RBM5	ENCSR481WJH	58589	2078	787	24	-0.217895057977	59055.8486109	0.0
HepG2_SSB	ENCSR997HCQ	88676	4056	1180	58	0.103823987961	90272.5314951	0.0
K562_IGF2BP2	ENCSR129RWD	79941	3517	910	33	-0.278810235935	81582.6685286	0.0
K562_PRPF6	ENCSR815CVQ	80743	3711	755	28	-0.309520627265	82895.2710089	0.0
HepG2_RPS2	ENCSR674KEK	87251	3860	993	44	0.00228062491718	89048.8028461	0.0
HepG2_UPF1	ENCSR691IVR	87849	4163	897	38	-0.161706261181	90151.5058653	0.0
HepG2_HNRNPA0	ENCSR279HMU	83604	3708	764	45	0.409283088344	85701.527792	0.0
K562_PABPN1	ENCSR164MUK	77021	3674	2376	60	-0.917600202307	75897.2764399	0.0
HepG2_ZC3H8	ENCSR584UYK	85508	3858	1018	54	0.233500010281	87234.8754466	0.0
HepG2_PRPF8	ENCSR856ZRV	84541	3743	982	42	-0.0498775673828	86247.8778635	0.0
HepG2_SRSF7	ENCSR105NML	89919	4158	867	26	-0.624784137126	92299.5222018	0.0
K562_SUCLG1	ENCSR620PUP	86070	4099	782	36	-0.0489332221226	88540.4211358	0.0
HepG2_IGF2BP1	ENCSR105NML	89888	4102	504	19	-0.27562327741	92946.9139225	0.0
HepG2_RBM17	ENCSR104ABF	80937	3585	1582	36	-0.960854531813	81317.2833838	0.0
K562_DGCR8	ENCSR599PZD	83632	4074	358	17	-0.0368157570199	86957.6034133	0.0
HepG2_YBX3	ENCSR305XWT	83793	3525	648	27	-0.0138279359731	85973.2180147	0.0
K562_GRSF1	ENCSR118EFE	82361	3779	1042	54	0.175632862977	83961.9546198	0.0
HepG2_NUFIP2	ENCSR104ABF	81322	3590	1337	40	-0.561265707696	82180.4270528	0.0
K562_DDX1	ENCSR667PLJ	75636	3571	641	28	-0.112152595032	77874.6518934	0.0
K562_FUS	ENCSR084SCN	76082	2972	637	25	0.00675577796641	77735.5436075	0.0
HepG2_SUCLG1	ENCSR042QTH	89341	4046	1054	33	-0.532510854371	91225.7037144	0.0
HepG2_RPS3A	ENCSR279HMU	84336	3737	1310	69	0.249369488702	85336.622385	0.0
HepG2_PRPF4	ENCSR584UYK	85423	3849	1013	41	-0.154797465067	87176.449532	0.0
K562_HLTF	ENCSR815CVQ	80228	3761	749	22	-0.674472668482	82454.1212728	0.0
HepG2_ZNF622	ENCSR691IVR	86879	4070	1241	45	-0.369527505964	88395.2242779	0.0
HepG2_SRSF1	ENCSR603TCV	85299	3810	2349	93	-0.17400626148	84291.9578359	0.0
HepG2_UBE2L3	ENCSR042QTH	88406	3997	1254	61	0.105570513662	89791.7183835	0.0
K562_MSI2	ENCSR620PUP	87022	4133	983	42	-0.152611278109	89116.5307708	0.0
K562_EXOSC5	ENCSR341TTW	80083	3742	789	32	-0.204266933526	82191.047098	0.0
K562_AKAP8L	ENCSR143COQ	81186	4005	2067	51	-0.99954051376	81008.2753712	0.0
HepG2_HNRNPLL	ENCSR264TUE	83023	3728	1324	48	-0.30868760715	84028.7323676	0.0
K562_POLR2G	ENCSR942UNX	75847	3075	516	31	0.567402857634	77831.8229558	0.0
K562_ZRANB2	ENCSR815CVQ	80378	3727	721	27	-0.308253991173	82615.6630535	0.0
HepG2_NOLC1	ENCSR521WAI	81646	3372	827	35	0.0352452633986	83302.7400465	0.0
HepG2_NIP7	ENCSR674KEK	85899	3792	771	54	0.665910919113	88048.6892192	0.0
HepG2_MTPAP	ENCSR264TUE	84675	3840	1118	42	-0.271629184404	86210.220804	0.0
HepG2_ASCC1	ENCSR237YZT	86811	4074	985	39	-0.245217719795	88848.5496342	0.0
K562_PCBP1	ENCSR129RWD	79838	3432	877	54	0.518408592336	81418.4832709	0.0
HepG2_PARN	ENCSR305XWT	84481	3571	803	26	-0.384589586461	86401.8218947	0.0
HepG2_PUF60	ENCSR042QTH	85724	3966	3080	87	-0.711828552689	83468.570597	0.0
K562_IGF2BP3	ENCSR771ZZL	72548	2431	664	22	-0.0162937685007	73613.2763956	0.0
K562_POLR2G	ENCSR341TTW	80931	3680	548	21	-0.246799909766	83476.8304546	0.0
K562_ADAR	ENCSR667PLJ	75038	3571	724	28	-0.299269628082	77112.2050204	0.0
K562_NPM1	ENCSR164MUK	81874	3863	1081	31	-0.718342699303	83527.5214455	0.0
K562_YTHDC2	ENCSR164MUK	80073	3629	1830	46	-0.850394080089	79992.4061672	0.0
HepG2_EWSR1	ENCSR538QOG	87642	4063	1372	110	0.790300084832	88765.4561991	0.0
HepG2_IGF2BP3	ENCSR237YZT	86525	3928	1428	78	0.266872156459	87466.1164499	0.0
HepG2_EIF3H	ENCSR853AOV	86246	3974	854	19	-1.05037097625	88482.5470703	0.0
HepG2_GNB2L1	ENCSR674KEK	87218	3872	831	43	0.221035138499	89350.3951741	0.0
K562_RBM39	ENCSR164MUK	79427	3758	2832	84	-0.673695586206	77455.8536354	0.0
HepG2_KRR1	ENCSR246RRQ	87999	4114	1015	32	-0.568390581653	90030.9561415	0.0
K562_KHSRP	ENCSR129RWD	80335	3473	791	28	-0.288404606504	82178.01414	0.0
K562_CCAR1	ENCSR667PLJ	73859	3525	947	36	-0.328217047072	75430.5098359	0.0
K562_RBM22	ENCSR129RWD	79437	3501	945	28	-0.572843424533	81003.4658636	0.0
HepG2_AKAP8	ENCSR246RRQ	87446	4096	837	44	0.166452578793	89788.4841033	0.0
K562_HNRNPA2B1	ENCSR164MUK	78831	3700	2353	79	-0.483338957136	77738.9206622	0.0
K562_DAZAP1	ENCSR815CVQ	80557	3679	856	27	-0.533955108306	82479.2940217	0.0
K562_RBM15	ENCSR143COQ	79523	3844	2550	80	-0.62366149458	78190.4337288	0.0
K562_TUFM	ENCSR620PUP	81792	3816	810	48	0.345011067891	83900.6253405	0.0
K562_TIAL1	ENCSR572FFX	76432	3501	863	25	-0.661022744361	78166.9227244	0.0
HepG2_IGF2BP1	ENCSR491FOC	88142	3883	444	24	0.295132654699	91091.3849117	0.0
K562_NSUN2	ENCSR174OYC	82398	3962	1068	41	-0.324835392296	84156.2671409	0.0
K562_SRSF7	ENCSR129RWD	80999	3556	770	35	0.0501452489198	82952.6643316	0.0
K562_AARS	ENCSR572FFX	76334	3442	811	27	-0.437663812154	78108.8281525	0.0
K562_NELFE	ENCSR129RWD	80566	3523	788	24	-0.521794569359	82472.8707681	0.0
K562_DDX21	ENCSR129RWD	81808	3592	502	25	0.18169531177	84349.25443	0.0
HepG2_EIF4G2	ENCSR042QTH	87304	3947	889	31	-0.374623967581	89420.2959937	0.0
HepG2_SNRNP200	ENCSR104ABF	80220	3540	1391	33	-0.895371884452	80936.4273105	0.0
HepG2_XRCC5	ENCSR491FOC	85311	3539	756	38	0.277003196977	87269.1074657	0.0
K562_DGCR8	ENCSR619GAS	84960	4073	551	14	-0.915933539825	87906.6215799	0.0
