mut	control	eql_notG4	eql_G4	diff_notG4	diff_G4	logOR	chisq	p
HepG2_SRFBP1	ENCSR997HCQ	88880	4732	2183	273	1.23199756387	88769.367113	0.0
HepG2_SDAD1	ENCSR521WAI	81316	3951	709	39	0.179009899783	83777.5667874	0.0
K562_RBM25	ENCSR344XID	73228	3014	1066	50	0.18850853852	74026.3475157	0.0
HepG2_HNRNPAB	ENCSR279HMU	83030	4282	691	47	0.399322948735	85842.266585	0.0
K562_TRA2A	ENCSR129RWD	79637	3956	697	41	0.243861701955	82123.5252167	0.0
HepG2_EXOSC5	ENCSR521WAI	80886	3954	581	36	0.342035889984	83610.5010626	0.0
K562_HNRNPL	ENCSR031RRO	81010	4303	1340	77	0.113454517453	82502.5430407	0.0
K562_SUPV3L1	ENCSR661HEL	76917	3870	1353	66	-0.0446549818772	77973.9253786	0.0
HepG2_SMNDC1	ENCSR491FOC	85795	4479	800	47	0.170377662734	88587.9528326	0.0
K562_FASTKD2	ENCSR084SCN	77760	3546	596	34	0.323058098383	80050.8941081	0.0
K562_GEMIN5	ENCSR661HEL	78073	3924	773	43	0.146366911235	80373.1246682	0.0
HepG2_KHSRP	ENCSR237YZT	87197	4752	1025	66	0.240657683859	89779.965533	0.0
K562_RTF1	ENCSR815CVQ	80502	4274	728	36	-0.10250382573	83254.8867174	0.0
K562_EIF3D	ENCSR661HEL	77389	3862	1162	81	0.482164097699	78784.1463532	0.0
HepG2_ABCF1	ENCSR067GHD	86379	4782	1080	61	0.0289163200727	88893.2814084	0.0
HepG2_CEBPZ	ENCSR067GHD	85336	4737	696	25	-0.627978395199	88636.8085127	0.0
K562_EIF4A3	ENCSR913CAE	76765	4154	3684	117	-0.768817064927	73497.0928247	0.0
HepG2_HSPD1	ENCSR246RRQ	87347	4805	921	51	0.00951781328892	90218.2524747	0.0
K562_HNRNPK	ENCSR129RWD	77986	3674	1452	60	-0.189143518479	78664.0142493	0.0
HepG2_ESF1	ENCSR067GHD	85776	4723	891	39	-0.331080803048	88648.5773223	0.0
HepG2_PUM1	ENCSR042QTH	87535	4583	1125	87	0.562729998496	89710.1100406	0.0
HepG2_SRSF9	ENCSR603TCV	85416	4509	1165	126	1.03479260755	87362.4105455	0.0
K562_SART3	ENCSR419JMU	79951	4181	1113	64	0.136958252722	81794.4737726	0.0
HepG2_CELF1	ENCSR042QTH	86248	4508	971	66	0.378998215909	88693.8980255	0.0
HepG2_DDX3X	ENCSR237YZT	86987	4701	1168	88	0.479367283846	89193.3303882	0.0
K562_CPEB4	ENCSR031RRO	82660	4454	803	45	0.0566128192865	85426.2553855	0.0
HepG2_FTO	ENCSR264TUE	81684	4293	1489	72	-0.120207599473	82883.3502067	0.0
HepG2_DDX1	ENCSR305XWT	83692	4124	561	33	0.255510645117	86632.024531	0.0
K562_GLRX3	ENCSR174OYC	80989	4392	791	48	0.162204629937	83711.2500961	0.0
K562_FAM120A	ENCSR661HEL	77100	3762	588	25	-0.198657048895	79640.650493	0.0
K562_SLTM	ENCSR084SCN	77054	3458	605	43	0.663333499806	79221.2849422	0.0
K562_DROSHA	ENCSR164MUK	82047	4374	1275	67	-0.0207668833741	83757.8396304	0.0
K562_NUSAP1	ENCSR572FFX	76974	4073	592	33	0.0751482540395	79801.8203884	0.0
HepG2_HNRNPUL1	ENCSR104ABF	79828	3983	1098	57	0.0571951567909	81516.9182372	0.0
HepG2_ADAR	ENCSR305XWT	82917	4092	630	36	0.211506852449	85682.10343	0.0
K562_BCLAF1	ENCSR245BNJ	79428	4043	853	53	0.287668091163	81668.855392	0.0
HepG2_BOP1	ENCSR264TUE	81071	4340	1458	66	-0.241961894119	82390.2247028	0.0
HepG2_RBM22	ENCSR997HCQ	88565	4813	1416	113	0.554301756709	90345.2923953	0.0
HepG2_EIF3G	ENCSR003EKR	85232	4424	634	50	0.603489054962	88293.2811216	0.0
K562_PUF60	ENCSR620PUP	85323	4622	2583	135	-0.051670803525	84591.1387665	0.0
HepG2_SF1	ENCSR104ABF	80471	4073	1557	85	0.109142948545	81291.8996239	0.0
K562_FXR2	ENCSR081EST	71096	2653	432	23	0.512746266498	72841.8243547	0.0
K562_TAF15	ENCSR942UNX	73885	3140	511	31	0.513461865962	75944.8402054	0.0
HepG2_RCC2	ENCSR674KEK	86121	4494	1029	61	0.184003112595	88448.122799	0.0
HepG2_SRSF5	ENCSR042QTH	89330	4718	525	48	0.791686326418	92905.5738121	0.0
K562_NFX1	ENCSR815CVQ	80043	4261	609	38	0.229140379166	83014.9724096	0.0
HepG2_AARS	ENCSR856ZRV	86469	4575	487	28	0.119916316328	90016.9141872	0.0
HepG2_EXOSC9	ENCSR003EKR	84863	4436	683	29	-0.299956363395	87880.6865509	0.0
K562_QKI	ENCSR344XID	75998	3248	611	39	0.578711563805	77951.3805359	0.0
K562_SUGP2	ENCSR164MUK	80441	4191	1703	82	-0.113746125065	81099.6582559	0.0
HepG2_EIF3D	ENCSR689PHN	83080	4352	687	37	0.0400378312925	85989.9954659	0.0
K562_RAVER1	ENCSR344XID	72282	2682	860	56	0.811417355383	73143.401423	0.0
HepG2_DAZAP1	ENCSR042QTH	89128	4713	524	36	0.377663146143	92724.355677	0.0
HepG2_HNRNPM	ENCSR067GHD	84396	4630	995	54	-0.0155746887261	86940.3605156	0.0
K562_CCAR2	ENCSR620PUP	87274	4781	732	47	0.229056623828	90503.6015977	0.0
HepG2_EEF2	ENCSR689PHN	83504	4453	1127	67	0.156813180463	85585.2184815	0.0
HepG2_BCCIP	ENCSR856ZRV	85252	4550	713	48	0.334999463811	88286.4695065	0.0
K562_MATR3	ENCSR129RWD	79699	3943	880	44	0.0152679120876	81804.2075553	0.0
HepG2_HNRNPF	ENCSR105NML	89515	4864	487	37	0.483589724235	93333.9309445	0.0
K562_EIF3A	ENCSR667PLJ	72981	3857	1382	98	0.424137811796	73906.660172	0.0
HepG2_TARDBP	ENCSR264TUE	82952	4459	1177	52	-0.282974226209	84970.3067829	0.0
K562_SSB	ENCSR084SCN	77196	3468	726	35	0.101807569795	79149.1809926	0.0
HepG2_NUSAP1	ENCSR674KEK	86437	4524	680	52	0.547026948494	89502.9472621	0.0
K562_ATP5C1	ENCSR143COQ	82711	4497	1147	75	0.266213436137	84781.1569286	0.0
HepG2_SRSF5	ENCSR491FOC	87837	4623	402	20	-0.081196082848	91617.9263408	0.0
K562_MBNL1	ENCSR143COQ	83660	4596	1317	83	0.198087095976	85478.2315083	0.0
K562_NONO	ENCSR661HEL	77612	3920	776	51	0.379866672667	79886.4223206	0.0
HepG2_CIRBP	ENCSR237YZT	85385	4493	967	70	0.460142617315	87816.0420288	0.0
K562_MAGOH	ENCSR129RWD	79026	3909	1591	56	-0.490907301814	79673.833241	0.0
HepG2_BUD13	ENCSR067GHD	85748	4738	659	48	0.398580764051	89077.5509007	0.0
K562_AGO2	ENCSR898NWE	74845	3226	1054	53	0.22234889997	75872.7136264	0.0
K562_NCBP2	ENCSR913CAE	79356	4184	843	50	0.169851919543	81763.5527162	0.0
K562_SBDS	ENCSR419JMU	80112	4223	1037	43	-0.346257215829	82188.8611603	0.0
HepG2_TAF15	ENCSR603TCV	85741	4342	1187	86	0.516714147445	87555.1362126	0.0
K562_SMN1	ENCSR419JMU	79638	4170	1000	57	0.122443430911	81707.3359563	0.0
HepG2_SRSF4	ENCSR853AOV	85212	4691	896	43	-0.198000960675	88034.8155551	0.0
HepG2_SRSF7	ENCSR603TCV	87759	4770	801	49	0.170537326915	90836.8142968	0.0
K562_METAP2	ENCSR424QCW	75414	3759	1050	52	-0.00932234186714	76984.3386417	0.0
HepG2_SUB1	ENCSR491FOC	84280	4156	659	49	0.592497943908	87025.7305547	0.0
K562_PAPOLA	ENCSR942UNX	71891	3046	713	42	0.475382481062	73434.650506	0.0
K562_TBRG4	ENCSR344XID	74530	2943	612	37	0.614527335205	76180.4905842	0.0
K562_SAFB	ENCSR341TTW	76735	4006	1103	58	0.0104143562562	78435.6944221	0.0
HepG2_PABPC1	ENCSR279HMU	82721	4298	1067	86	0.633436532251	84728.4837989	0.0
HepG2_FUBP3	ENCSR376RJN	82840	4535	908	57	0.197494624566	85455.6689145	0.0
HepG2_ATP5C1	ENCSR067GHD	86490	4796	759	42	-0.0030088789475	89691.0284725	0.0
K562_TRIM56	ENCSR572FFX	76631	4031	962	63	0.316105283773	78625.0612462	0.0
HepG2_PUS1	ENCSR538QOG	87859	4852	849	54	0.203805381991	90913.8050549	0.0
HepG2_NONO	ENCSR856ZRV	86024	4539	858	84	0.891776408107	88689.1121858	0.0
K562_TARDBP	ENCSR129RWD	80828	3986	898	54	0.286157402332	82920.7083507	0.0
HepG2_PPIG	ENCSR246RRQ	87298	4800	793	52	0.254104953534	90415.7668088	0.0
HepG2_EIF4G1	ENCSR042QTH	86855	4452	799	49	0.258741556649	89618.889501	0.0
HepG2_SND1	ENCSR491FOC	85999	4507	669	52	0.568657846527	89069.8042138	0.0
HepG2_FIP1L1	ENCSR067GHD	85932	4764	1179	74	0.179055517309	88207.3255121	0.0
HepG2_XPO5	ENCSR279HMU	82929	4312	927	75	0.637840774357	85248.6667246	0.0
K562_SDAD1	ENCSR341TTW	78324	4041	758	39	-0.00398163080711	80778.7121256	0.0
K562_RECQL	ENCSR942UNX	75224	3418	415	23	0.286563150728	77768.4442642	0.0
K562_PA2G4	ENCSR661HEL	77965	3902	671	35	0.0596549932155	80461.0888534	0.0
HepG2_PA2G4	ENCSR689PHN	79379	4215	1012	49	-0.133130879177	81485.4715837	0.0
HepG2_DDX59	ENCSR264TUE	83853	4436	1172	81	0.385624277712	85800.8598921	0.0
K562_RPS3	ENCSR772DUM	75221	3717	1786	76	-0.215663959066	75257.9595993	0.0
HepG2_HLTF	ENCSR491FOC	84517	3934	687	42	0.393323829774	86999.0327071	0.0
K562_UBE2L3	ENCSR620PUP	87943	4768	910	62	0.329586182441	90777.2225345	0.0
HepG2_DROSHA	ENCSR481WJH	70901	3248	960	49	0.1560016865	72144.7376304	0.0
K562_DDX51	ENCSR661HEL	78277	3927	656	43	0.385801712078	80811.9684475	0.0
HepG2_HNRNPF	ENCSR305XWT	85491	4267	609	59	0.956823165173	88427.1540418	0.0
HepG2_SF3B1	ENCSR264TUE	81928	4190	2083	191	0.842316151604	81631.6664643	0.0
HepG2_RPLP0	ENCSR674KEK	87052	4533	676	38	0.110387454674	90162.5680129	0.0
K562_CELF1	ENCSR620PUP	87536	4750	687	42	0.172028176238	90833.7630815	0.0
HepG2_GRSF1	ENCSR279HMU	84093	4311	816	50	0.257322094024	86680.4980025	0.0
K562_HNRNPF	ENCSR572FFX	79477	4153	489	41	0.682172989329	82573.4134494	0.0
K562_TAF15	ENCSR344XID	76038	3098	444	27	0.577783172373	78196.8279115	0.0
K562_DDX21	ENCSR163JUC	83573	4515	463	23	-0.121067395152	87118.6822159	0.0
K562_ZC3H8	ENCSR718EWL	84818	4627	1018	62	0.158895925025	87298.0489843	0.0
K562_SUPT6H	ENCSR164MUK	80288	4242	1751	75	-0.302776828059	80917.5135628	0.0
K562_AUH	ENCSR718EWL	85583	4675	578	24	-0.395677200259	89058.0268343	0.0
K562_DDX52	ENCSR661HEL	78142	3932	571	27	-0.0896964790382	80882.3578187	0.0
HepG2_LSM11	ENCSR674KEK	86203	4380	750	46	0.27155047398	88998.0084	0.0
HepG2_PCBP2	ENCSR491FOC	85248	4329	1133	90	0.645481232368	87147.9293906	0.0
K562_GRWD1	ENCSR572FFX	76760	4000	550	26	-0.14056528385	79612.1098546	0.0
HepG2_XRN2	ENCSR856ZRV	83901	4465	801	59	0.468940542468	86654.4267391	0.0
K562_SYNCRIP	ENCSR341TTW	77517	3943	1189	54	-0.163498375319	78992.9770992	0.0
HepG2_SUGP2	ENCSR246RRQ	87237	4781	796	56	0.360286148595	90321.9190864	0.0
K562_CKAP4	ENCSR324WIS	81746	4264	907	63	0.413189978062	84080.9942932	0.0
K562_AKAP8	ENCSR143COQ	82668	4574	1083	59	-0.0223737652432	84972.9489852	0.0
K562_DDX19B	ENCSR143COQ	84687	4642	755	46	0.152551217622	87734.1868003	0.0
HepG2_ZRANB2	ENCSR491FOC	85372	4442	775	48	0.25139168008	88175.5540716	0.0
HepG2_PHF6	ENCSR674KEK	85756	4407	647	36	0.114671912068	88802.1754737	0.0
HepG2_PNPT1	ENCSR279HMU	83290	4281	749	43	0.159566398108	85994.1674229	0.0
K562_ASCC1	ENCSR913CAE	78990	4227	570	26	-0.230414386287	82029.2731032	0.0
K562_EIF2S1	ENCSR913CAE	80234	4352	657	36	0.0146387028431	83205.6776705	0.0
K562_FMR1	ENCSR424QCW	75727	3745	1164	42	-0.454787767875	77078.3628764	0.0
K562_LARP7	ENCSR572FFX	77103	3885	735	56	0.59655497363	79413.8137439	0.0
HepG2_NKRF	ENCSR246RRQ	86955	4780	848	36	-0.372808990106	89975.5409704	0.0
K562_HNRNPU	ENCSR438MDN	82418	4493	785	50	0.224515833843	85249.0332466	0.0
HepG2_MAGOH	ENCSR237YZT	85688	4644	2287	99	-0.324230728429	85623.1501556	0.0
HepG2_MATR3	ENCSR237YZT	86324	4660	1615	120	0.46093200265	87547.3044956	0.0
K562_DDX55	ENCSR572FFX	74770	3755	822	41	-0.00986785887323	76808.4845027	0.0
C4-2B_ZFX	ENCSR142YZV	93007	5169	387	31	0.527388748929	97341.7962142	0.0
HepG2_SUPT6H	ENCSR067GHD	84870	4696	855	58	0.293950749249	87749.329822	0.0
K562_RBFOX2	ENCSR667PLJ	74878	4077	721	32	-0.294893410295	77456.1936715	0.0
HepG2_PCBP1	ENCSR603TCV	86369	4547	1425	197	1.39283229219	87704.0461179	0.0
K562_RCC2	ENCSR572FFX	75188	3946	855	38	-0.239813531265	77358.0885688	0.0
K562_EXOSC9	ENCSR815CVQ	81307	4394	775	37	-0.178826345168	84084.6986866	0.0
HepG2_SLBP	ENCSR042QTH	86847	4564	953	88	0.813204532037	89341.154332	0.0
K562_MAK16	ENCSR143COQ	82906	4572	1231	58	-0.227054845068	84919.0138449	0.0
HepG2_SBDS	ENCSR279HMU	84076	4331	818	54	0.357852424973	86671.6318469	0.0
K562_UTP18	ENCSR143COQ	81515	4506	2283	86	-0.553304046602	81348.5816112	0.0
K562_CPSF7	ENCSR667PLJ	75043	4026	648	46	0.404010379541	77687.1210956	0.0
K562_SND1	ENCSR084SCN	75534	3207	589	31	0.30990241634	77505.8925688	0.0
HepG2_DDX21	ENCSR003EKR	86321	4549	465	36	0.554928333768	89870.7897923	0.0
HepG2_HNRNPA1	ENCSR305XWT	82250	4093	987	57	0.214768846663	84267.6377943	0.0
HepG2_FAM120A	ENCSR689PHN	83019	4431	776	58	0.48580547516	85790.0126687	0.0
HepG2_PUM2	ENCSR042QTH	88081	4658	1131	97	0.697577931717	90299.5425188	0.0
K562_DNAJC2	ENCSR667PLJ	75345	4007	750	41	0.0397225800844	77777.8851738	0.0
K562_SRSF9	ENCSR341TTW	80414	4262	774	46	0.165216396768	83043.9463773	0.0
K562_WDR3	ENCSR174OYC	81290	4430	932	45	-0.174633764096	83777.142607	0.0
K562_APOBEC3C	ENCSR620PUP	84167	4499	1011	55	0.0253708552551	86546.8163354	0.0
K562_HNRNPA0	ENCSR419JMU	78740	4075	1071	56	0.0148369053479	80576.3370204	0.0
HepG2_RAVER1	ENCSR491FOC	82484	3868	1788	173	1.04495180335	82476.4959436	0.0
HepG2_DDX6	ENCSR237YZT	85488	4698	1324	88	0.274347515641	87384.1538822	0.0
HepG2_KIF1C	ENCSR538QOG	87751	4895	632	52	0.560693771315	91283.104189	0.0
HepG2_DDX47	ENCSR968BBQ	86497	4903	721	37	-0.143488654133	89890.2891478	0.0
HepG2_HNRNPU	ENCSR305XWT	83436	4190	1600	91	0.179586296751	84276.6585718	0.0
HepG2_GEMIN5	ENCSR689PHN	82333	4400	1037	62	0.161891497805	84548.9348512	0.0
K562_NUFIP2	ENCSR174OYC	81556	4431	650	34	-0.0547462800115	84624.4413787	0.0
HepG2_PRPF6	ENCSR491FOC	86035	4366	721	36	-0.023390799539	88893.339043	0.0
K562_PUM1	ENCSR620PUP	86584	4646	1083	66	0.183615984079	88946.4838364	0.0
HepG2_RBM34	ENCSR491FOC	85372	4283	597	31	0.0496785842984	88403.3991517	0.0
K562_NOL12	ENCSR620PUP	86103	4667	995	40	-0.431128488092	88711.8409802	0.0
HepG2_FMR1	ENCSR042QTH	87075	4607	688	53	0.542014764618	90206.0457737	0.0
K562_SF1	ENCSR898NWE	77890	3430	774	44	0.368399499045	79692.2557397	0.0
K562_DDX3X	ENCSR913CAE	79161	4273	693	29	-0.36726193182	81996.2635546	0.0
K562_HNRNPC	ENCSR572FFX	77802	3984	1377	118	0.742847894719	78823.8661915	0.0
K562_FTO	ENCSR424QCW	75045	3722	1013	42	-0.25849504348	76671.1479876	0.0
MCF-7_ZFX	ENCSR783OQM	94310	5387	281	15	-0.0976789421829	99105.8790167	0.0
HepG2_APOBEC3C	ENCSR279HMU	84588	4377	827	63	0.557975126475	87193.9921995	0.0
HepG2_SUPV3L1	ENCSR856ZRV	85282	4491	1033	87	0.677451601765	87547.197847	0.0
K562_ABCF1	ENCSR032YMP	80713	4185	942	42	-0.217764295531	82941.4155708	0.0
HepG2_CNOT7	ENCSR279HMU	83203	4246	1183	78	0.369627131849	84945.2530528	0.0
HepG2_STAU1	ENCSR067GHD	85446	4729	758	55	0.390711584768	88556.3639638	0.0
HepG2_TRA2A	ENCSR491FOC	85969	4454	682	40	0.178943227453	88984.7695965	0.0
HepG2_PES1	ENCSR538QOG	87829	4923	658	47	0.349732810924	91347.3783347	0.0
K562_RPS19	ENCSR661HEL	76699	3792	1445	107	0.582790107687	77417.2428785	0.0
HepG2_RECQL	ENCSR603TCV	87366	4729	898	64	0.396893257404	90181.0963261	0.0
HepG2_NELFE	ENCSR603TCV	87188	4711	1092	65	0.139635020316	89599.5737652	0.0
HepG2_SF3B4	ENCSR603TCV	86469	4671	1725	111	0.252414874409	87505.0503868	0.0
HepG2_EIF4A3	ENCSR237YZT	86084	4630	1682	102	0.173124369188	87181.1117745	0.0
K562_RRP9	ENCSR661HEL	77346	3848	741	34	-0.116720911609	79651.3994384	0.0
HepG2_HDGF	ENCSR538QOG	88043	4934	649	54	0.570191518245	91576.3750386	0.0
K562_PTBP1	ENCSR129RWD	81245	4003	618	41	0.429214484939	83935.1208274	0.0
K562_AGGF1	ENCSR143COQ	79202	4420	2500	80	-0.802365697854	78542.3601125	0.0
K562_SRSF4	ENCSR772DUM	75907	3747	1157	64	0.164251902497	77230.728524	0.0
HepG2_RBM15	ENCSR585KOJ	87590	4858	874	53	0.128762759187	90603.2992627	0.0
HepG2_UPF2	ENCSR856ZRV	83115	4408	476	21	-0.265587601788	86531.8260996	0.0
K562_PSIP1	ENCSR572FFX	76112	4030	1019	52	-0.0532264314776	78014.3135077	0.0
K562_FKBP4	ENCSR572FFX	74545	3640	877	40	-0.098403704061	76361.7572075	0.0
HepG2_CKAP4	ENCSR538QOG	87145	4839	1341	96	0.366506025666	89132.5400298	0.0
K562_EIF4B	ENCSR913CAE	78588	4263	640	31	-0.163363708031	81514.4374198	0.0
K562_TFIP11	ENCSR661HEL	77010	3860	747	43	0.199673365941	79297.7249446	0.0
HepG2_DDX27	ENCSR856ZRV	86086	4492	359	13	-0.527051514544	89835.5347416	0.0
HepG2_NAA15	ENCSR067GHD	84776	4634	805	40	-0.137590930349	87727.9892417	0.0
HepG2_FKBP4	ENCSR856ZRV	85510	4444	505	37	0.495476212544	88873.2904555	0.0
HepG2_LARP7	ENCSR674KEK	86172	4492	774	49	0.280309423468	89025.4866016	0.0
HepG2_AGGF1	ENCSR853AOV	83257	4368	796	40	-0.0621697122514	85960.9766635	0.0
HepG2_SFPQ	ENCSR104ABF	80117	4055	1311	77	0.214669151023	81418.9147835	0.0
K562_CPSF6	ENCSR424QCW	76032	3799	1139	48	-0.245674406851	77474.6693042	0.0
K562_HNRNPF	ENCSR163JUC	82807	4490	458	31	0.319957901752	86321.7471987	0.0
HepG2_RBM14	ENCSR521WAI	80445	3931	797	61	0.64733590878	82668.8427684	0.0
HepG2_TRIM56	ENCSR305XWT	83686	4201	1016	90	0.819350010214	85689.2629832	0.0
HepG2_CSTF2	ENCSR856ZRV	81588	4147	420	35	0.713254522482	84827.4574769	0.0
HepG2_NPM1	ENCSR104ABF	80593	4050	1216	58	-0.0752857942092	82114.1778187	0.0
K562_LSM11	ENCSR572FFX	76980	4044	707	30	-0.308047040406	79556.7157839	0.0
HepG2_GPKOW	ENCSR264TUE	83842	4515	1322	77	0.113155318268	85581.1581486	0.0
HepG2_U2AF1	ENCSR067GHD	82728	4489	3675	192	-0.0546563307171	79654.4654465	0.0
K562_FIP1L1	ENCSR032YMP	78034	4030	931	50	0.0564699423731	80113.7278262	0.0
HepG2_PTBP1	ENCSR603TCV	86636	4671	1411	97	0.350573854329	88315.9946407	0.0
K562_EFTUD2	ENCSR661HEL	76602	3822	1710	109	0.353386091512	76827.2812145	0.0
HepG2_SRSF3	ENCSR264TUE	83686	4376	1690	119	0.429311880489	84481.3648274	0.0
HepG2_DNAJC21	ENCSR305XWT	82807	4184	782	46	0.219335131594	85342.8906674	0.0
HepG2_HNRNPD	ENCSR279HMU	83656	4294	736	49	0.375222809117	86387.034432	0.0
HepG2_PSIP1	ENCSR674KEK	87169	4557	736	54	0.488984429542	90152.854214	0.0
K562_HNRNPU	ENCSR898NWE	77449	3393	1256	115	1.06348257835	78124.2664378	0.0
HepG2_GTF2F1	ENCSR491FOC	86032	4413	627	39	0.27812231036	89117.9142306	0.0
K562_ILF2	ENCSR419JMU	79182	4024	1193	75	0.306910660348	80689.3722636	0.0
K562_FXR1	ENCSR913CAE	77460	3984	1687	97	0.160830532747	77915.1028406	0.0
HepG2_SNRNP70	ENCSR264TUE	83157	4327	1744	130	0.518582174361	83776.4815348	0.0
K562_SERBP1	ENCSR661HEL	76004	3733	847	40	-0.0566221303224	77972.867705	0.0
HepG2_KHDRBS1	ENCSR279HMU	84271	4384	887	68	0.559389088535	86755.3909219	0.0
K562_PPIG	ENCSR032YMP	79519	4144	932	48	-0.0170199378274	81714.479462	0.0
HepG2_DDX5	ENCSR776SXA	85046	4611	782	55	0.375426728029	87990.8465486	0.0
HepG2_TUFM	ENCSR042QTH	87067	4582	1020	85	0.663114149898	89452.5262406	0.0
K562_SF3A3	ENCSR174OYC	81167	4385	1433	87	0.168365145091	82539.025667	0.0
HepG2_G3BP1	ENCSR237YZT	86852	4760	1162	62	-0.0386724504266	89180.3540559	0.0
K562_SRSF5	ENCSR129RWD	79425	3940	728	44	0.284962628583	81828.164131	0.0
K562_CNOT8	ENCSR898NWE	74992	3217	1007	47	0.121689742497	76115.2087603	0.0
K562_SF3B1	ENCSR424QCW	73941	3600	1745	84	-0.0163881548934	73926.1418206	0.0
K562_AATF	ENCSR815CVQ	80532	4311	632	35	0.0489699640908	83514.243974	0.0
K562_SMNDC1	ENCSR815CVQ	79975	4309	898	31	-0.642251240574	82436.3062226	0.0
HepG2_FASTKD2	ENCSR003EKR	84860	4370	681	39	0.15327072464	87795.8130679	0.0
HepG2_NSUN2	ENCSR264TUE	80780	4229	1193	56	-0.157413725076	82529.3603754	0.0
K562_TROVE2	ENCSR092WKG	83611	4629	797	52	0.236924094522	86550.1813376	0.0
HepG2_ACO1	ENCSR538QOG	87311	4806	884	66	0.43974643167	90226.8566253	0.0
K562_SNRNP200	ENCSR164MUK	77225	4027	2258	91	-0.371744542118	76622.0785644	0.0
HepG2_DDX55	ENCSR856ZRV	85933	4518	908	89	0.898641029507	88468.3474747	0.0
HepG2_PPIL4	ENCSR305XWT	82842	4136	809	66	0.708452520181	85236.953544	0.0
HepG2_PABPC4	ENCSR237YZT	86392	4667	1129	78	0.354902799004	88661.0577766	0.0
K562_EWSR1	ENCSR913CAE	78199	4214	775	33	-0.339770441442	80804.9391491	0.0
HepG2_ILF3	ENCSR279HMU	84407	4382	951	68	0.461862569722	86762.7699889	0.0
K562_PUS1	ENCSR143COQ	77456	4255	3938	125	-0.791317148952	73788.8870337	0.0
K562_G3BP2	ENCSR344XID	67444	1796	1068	51	0.842560257936	67020.3603824	0.0
HepG2_HNRNPL	ENCSR042QTH	85654	4519	1235	76	0.222077345887	87570.0849747	0.0
HepG2_CCAR1	ENCSR135LXL	88663	4916	1194	73	0.14101279513	91062.1632778	0.0
HepG2_TBRG4	ENCSR246RRQ	86191	4715	1213	62	-0.0979599687089	88373.8862987	0.0
K562_SRFBP1	ENCSR572FFX	74064	3910	851	43	-0.0632186118867	76196.2509333	0.0
HepG2_CPSF7	ENCSR067GHD	86014	4777	786	54	0.306896716016	89118.7929301	0.0
HepG2_CPSF6	ENCSR264TUE	82560	4391	1247	61	-0.120686881083	84354.682311	0.0
K562_ILF3	ENCSR667PLJ	74901	3965	627	34	0.0347334175779	77549.5401993	0.0
HepG2_EIF2S1	ENCSR237YZT	84903	4689	1222	85	0.332825713649	86997.1289585	0.0
HepG2_SART3	ENCSR279HMU	83987	4328	800	59	0.51718049169	86605.4245245	0.0
HepG2_G3BP2	ENCSR237YZT	87097	4702	999	60	0.153826310692	89693.2241319	0.0
K562_DNAJC21	ENCSR667PLJ	75258	4060	764	37	-0.155682144993	77724.093125	0.0
HepG2_TROVE2	ENCSR689PHN	81958	4360	734	35	-0.15786849695	84786.8545254	0.0
HepG2_MSI2	ENCSR067GHD	85639	4718	974	48	-0.160794835468	88324.565959	0.0
HepG2_PKM	ENCSR689PHN	82179	4363	832	62	0.489133988512	84763.3044137	0.0
HepG2_AGO1	ENCSR003EKR	84689	4327	649	34	0.0361237417764	87655.2406627	0.0
HepG2_AUH	ENCSR997HCQ	90644	5069	868	63	0.376167148805	93860.0948962	0.0
K562_IGF2BP1	ENCSR163JUC	83609	4538	481	29	0.151617645241	87129.9525021	0.0
K562_TARDBP	ENCSR372DZW	83921	4344	538	37	0.409926863944	87118.7641529	0.0
K562_HNRNPM	ENCSR032YMP	74325	3664	1192	61	0.0539249666861	75503.1324623	0.0
HepG2_HNRNPA2B1	ENCSR042QTH	86408	4404	743	54	0.511947616689	89225.0509898	0.0
K562_PKM	ENCSR438MDN	82110	4483	745	43	0.0801896702754	85024.1719769	0.0
K562_DKC1	ENCSR143COQ	82764	4484	991	45	-0.254742961502	85188.3176465	0.0
HepG2_ETF1	ENCSR997HCQ	91117	5093	1082	61	0.0123851789128	93937.5791899	0.0
HepG2_ILF2	ENCSR305XWT	84186	4211	878	46	0.0668303812138	86558.6594079	0.0
K562_EEF2	ENCSR661HEL	77699	3888	794	53	0.415721164374	79901.8363033	0.0
K562_RPS3A	ENCSR419JMU	78885	3989	1052	62	0.220929290097	80660.9929839	0.0
K562_SUB1	ENCSR815CVQ	80384	4331	598	27	-0.254977880211	83469.6170177	0.0
K562_XPO5	ENCSR164MUK	79366	4081	1318	90	0.409244921941	80654.8723162	0.0
K562_G3BP1	ENCSR129RWD	78704	3840	753	31	-0.24505100017	80983.4545829	0.0
K562_SAFB2	ENCSR154OBA	80563	4357	707	32	-0.256856015842	83448.4394728	0.0
HepG2_MARK2	ENCSR674KEK	84777	4355	711	42	0.201539963932	87632.3680015	0.0
K562_SSRP1	ENCSR032YMP	80515	4105	939	48	0.00378460929911	82657.5122821	0.0
HepG2_HNRNPK	ENCSR237YZT	85431	4589	1876	154	0.611850386057	86006.3635484	0.0
K562_KIF1C	ENCSR143COQ	82470	4531	1873	81	-0.34531716975	83136.9862689	0.0
K562_KRR1	ENCSR424QCW	73326	3507	1140	61	0.161934734006	74449.7846114	0.0
K562_EIF3H	ENCSR226KWO	81634	4204	913	52	0.145304243675	83918.8542487	0.0
HepG2_SF3A3	ENCSR691IVR	84694	4612	2738	125	-0.254327096756	83671.902365	0.0
HepG2_UCHL5	ENCSR856ZRV	77618	4141	815	49	0.17239374654	80040.1374271	0.0
K562_PARN	ENCSR667PLJ	74212	4038	689	37	-0.0189671349234	76804.7358518	0.0
K562_SRPK2	ENCSR174OYC	81996	4439	882	64	0.422612073313	84553.4100712	0.0
K562_XRCC6	ENCSR815CVQ	79001	4130	1271	65	-0.0317232735972	80480.4713638	0.0
K562_IGF2BP1	ENCSR129RWD	81272	4018	520	34	0.403303956616	84185.6148044	0.0
HepG2_AKAP1	ENCSR237YZT	86294	4602	1418	89	0.235018977722	87907.0220634	0.0
K562_PABPC4	ENCSR344XID	75102	3178	727	47	0.611437595827	76739.7325736	0.0
K562_DDX6	ENCSR913CAE	79349	4296	638	30	-0.203375875058	82314.3392909	0.0
K562_WDR43	ENCSR174OYC	81174	4362	961	69	0.418087867663	83488.468526	0.0
K562_BUD13	ENCSR032YMP	78192	4010	958	42	-0.226217555053	80214.1772135	0.0
HepG2_UTP18	ENCSR691IVR	88043	4834	736	44	0.122788589196	91323.5531264	0.0
K562_KHDRBS1	ENCSR667PLJ	74929	4030	727	44	0.170292518291	77424.5341279	0.0
HepG2_HNRNPC	ENCSR305XWT	83045	4135	1781	103	0.215962800129	83452.7613481	0.0
K562_TRIP6	ENCSR032YMP	80425	4164	907	44	-0.0939250647632	82697.6937097	0.0
K562_FXR2	ENCSR828YEB	64360	2669	1096	49	0.108470876624	64758.5636028	0.0
HepG2_CCAR2	ENCSR674KEK	85410	4334	600	50	0.715671434536	88448.7917975	0.0
K562_PTBP1	ENCSR163JUC	83088	4468	676	37	0.0255129689512	86135.8063048	0.0
HepG2_IGF2BP2	ENCSR237YZT	85842	4660	1162	76	0.268814989334	88042.9688948	0.0
HepG2_NUP35	ENCSR960MSV	84972	4731	675	43	0.194291519041	88272.7528869	0.0
K562_HNRNPAB	ENCSR419JMU	79604	4123	1066	54	-0.0320296607486	81501.9823638	0.0
K562_PHF6	ENCSR572FFX	77164	3989	822	38	-0.161238167538	79442.1184622	0.0
K562_SF1	ENCSR164MUK	80242	4066	1206	94	0.621250104482	81728.2987631	0.0
HepG2_RBM25	ENCSR603TCV	85692	4605	1514	114	0.486627986818	87070.5713913	0.0
K562_CSTF2	ENCSR245BNJ	77118	3973	865	46	0.0457725717865	79279.2349343	0.0
HepG2_DDX19B	ENCSR538QOG	87298	4813	853	80	0.766466437197	90254.6645048	0.0
HepG2_AKAP8L	ENCSR538QOG	88108	4920	820	55	0.264422411765	91286.2463805	0.0
K562_UCHL5	ENCSR661HEL	77843	3911	907	56	0.29735405172	79839.3698946	0.0
HepG2_GRWD1	ENCSR674KEK	85462	4221	599	40	0.435142247362	88409.577426	0.0
K562_UPF2	ENCSR438MDN	82050	4458	608	25	-0.40203651164	85246.6455478	0.0
K562_RBM34	ENCSR129RWD	79851	3957	609	22	-0.456035294604	82550.7669781	0.0
K562_RPS10	ENCSR084SCN	77069	3539	545	33	0.399018704375	79456.161728	0.0
HepG2_NOL12	ENCSR042QTH	87395	4674	939	74	0.559293122066	90054.2605056	0.0
K562_EIF4G2	ENCSR620PUP	85811	4662	989	58	0.110295971561	88391.120129	0.0
HepG2_RPS19	ENCSR689PHN	82082	4395	1270	72	0.0824430332061	83813.8293845	0.0
K562_SLBP	ENCSR667PLJ	75463	4066	778	43	0.0367257444466	77895.4756841	0.0
HepG2_SRP68	ENCSR856ZRV	86192	4521	478	35	0.481256356484	89689.9218302	0.0
K562_UTP3	ENCSR024FOF	81684	4312	916	70	0.53370366121	84035.4083386	0.0
HepG2_TFIP11	ENCSR856ZRV	83784	4406	734	52	0.429936827871	86625.0440055	0.0
HepG2_RPS10	ENCSR491FOC	84912	4341	826	36	-0.230203843818	87537.3336439	0.0
K562_MTPAP	ENCSR174OYC	81412	4417	896	57	0.229637815748	83933.5967178	0.0
K562_DGCR8	ENCSR395HQT	81586	4546	485	13	-1.05574919845	85138.9203295	0.0
K562_PRPF8	ENCSR661HEL	74760	3637	2258	133	0.275898402905	73688.0627143	0.0
K562_LIN28B	ENCSR572FFX	77404	4045	489	27	0.0793933617698	80420.2694814	0.0
K562_CIRBP	ENCSR129RWD	80257	3923	590	35	0.279309861473	82934.6495774	0.0
HepG2_FUS	ENCSR491FOC	86347	4452	931	40	-0.263088706164	88867.3975027	0.0
K562_CSTF2T	ENCSR815CVQ	80593	4339	615	36	0.120702447165	83634.9917118	0.0
K562_ESF1	ENCSR032YMP	79523	4061	806	47	0.191418074278	81886.7131133	0.0
K562_DDX47	ENCSR031RRO	82840	4372	652	48	0.480196593926	85817.6586172	0.0
K562_PNPT1	ENCSR620PUP	86686	4729	877	51	0.0921842761177	89568.4225967	0.0
HepG2_METAP2	ENCSR689PHN	83168	4409	1178	64	0.035381333026	85110.6143205	0.0
K562_CCDC124	ENCSR143COQ	84660	4669	830	31	-0.562276220884	87615.3430806	0.0
HepG2_EIF2S2	ENCSR067GHD	85626	4730	811	42	-0.0931038382605	88658.0542621	0.0
K562_DDX24	ENCSR913CAE	79586	4244	644	48	0.48306372936	82451.7540519	0.0
K562_U2AF2	ENCSR344XID	69517	2459	2698	97	0.0234603933107	66494.5374876	0.0
HepG2_CSTF2T	ENCSR003EKR	84513	4173	596	32	0.12084793123	87434.44848	0.0
K562_PCBP3	ENCSR341TTW	80231	4237	1250	75	0.184151056267	81838.8026062	0.0
K562_SFPQ	ENCSR164MUK	79797	4321	1331	82	0.186154521438	81315.7569684	0.0
K562_TRNAU1AP	ENCSR341TTW	78985	4173	903	53	0.151760149211	81256.9967299	0.0
HepG2_RBM39	ENCSR104ABF	79007	3965	1312	82	0.316587710322	80207.4830726	0.0
HepG2_AATF	ENCSR003EKR	84116	4155	575	30	0.0789323143458	87065.1471905	0.0
K562_SRSF7	ENCSR163JUC	82704	4455	765	50	0.279000022732	85536.6373062	0.0
K562_PPP1R8	ENCSR164MUK	80127	4317	1834	93	-0.0874316480084	80633.9812849	0.0
HepG2_RBM27	ENCSR674KEK	86863	4533	995	67	0.36774018891	89284.387839	0.0
HepG2_SMN1	ENCSR305XWT	84475	4238	863	48	0.148814704109	86900.3600954	0.0
K562_LARP4	ENCSR164MUK	81379	4330	1090	66	0.18649932205	83412.6055942	0.0
HepG2_DDX52	ENCSR689PHN	83665	4475	714	46	0.268446323649	86626.5661498	0.0
K562_GPKOW	ENCSR424QCW	75492	3786	1042	45	-0.215709014114	77118.9173694	0.0
HepG2_FASTKD1	ENCSR279HMU	83346	4192	660	35	0.0763631427466	86153.5186289	0.0
K562_SRP68	ENCSR661HEL	77889	3928	809	47	0.204145720215	80113.9651125	0.0
HepG2_TIAL1	ENCSR305XWT	82436	4139	1409	99	0.484821073509	83585.4506577	0.0
K562_SRSF1	ENCSR129RWD	77258	3785	2372	136	0.226893671974	76104.7125659	0.0
K562_TIA1	ENCSR129RWD	79716	3976	784	39	-0.00382796701538	82054.0931178	0.0
HepG2_RPS5	ENCSR674KEK	86899	4534	789	59	0.519244838317	89744.931485	0.0
K562_PTBP1	ENCSR898NWE	78932	3501	601	31	0.217746467875	81173.8505965	0.0
HepG2_DNAJC2	ENCSR305XWT	83007	4178	782	52	0.401763527721	85525.0143373	0.0
K562_U2AF1	ENCSR344XID	70132	2608	2459	87	-0.0718554275557	67737.1207975	0.0
HepG2_DKC1	ENCSR538QOG	86704	4794	986	56	0.0387078238166	89425.866967	0.0
K562_BOP1	ENCSR424QCW	75152	3684	1085	53	-0.00509234060219	76576.4270729	0.0
HepG2_SLTM	ENCSR491FOC	85579	4385	697	49	0.456303071474	88478.2242799	0.0
HepG2_CDC40	ENCSR481WJH	74468	3530	864	35	-0.226723962468	76210.3714118	0.0
HepG2_EIF4B	ENCSR237YZT	86446	4637	1264	74	0.126208195143	88426.6629478	0.0
K562_AGO1	ENCSR084SCN	77236	3487	597	39	0.533030278397	79456.0507366	0.0
K562_EIF2S2	ENCSR118EFE	81310	4223	785	52	0.350983516763	83867.2190142	0.0
HepG2_EFTUD2	ENCSR689PHN	83262	4427	952	56	0.145794093441	85684.5933459	0.0
K562_ZNF800	ENCSR341TTW	80044	4244	837	46	0.0517748462862	82531.250885	0.0
K562_PPIL4	ENCSR419JMU	78582	4076	1085	43	-0.388241642776	80417.434479	0.0
HepG2_RPLP0	ENCSR105NML	90227	4864	563	30	-0.0167564326578	93908.6980501	0.0
K562_RBM17	ENCSR118EFE	81888	4258	930	64	0.404317291592	84169.5239411	0.0
HepG2_RPL23A	ENCSR674KEK	86565	4519	622	43	0.40520235418	89758.8784503	0.0
HepG2_XRCC6	ENCSR491FOC	85980	4443	937	53	0.130410280765	88453.8435471	0.0
HepG2_STIP1	ENCSR279HMU	82652	4309	808	44	0.0628448623705	85265.348242	0.0
HepG2_QKI	ENCSR603TCV	87268	4703	1244	77	0.199815267242	89347.9938285	0.0
HepG2_BCLAF1	ENCSR856ZRV	85693	4515	734	52	0.427182932269	88642.8859405	0.0
HepG2_SAFB2	ENCSR305XWT	82596	4148	889	66	0.563938627051	84844.6186589	0.0
K562_PABPC1	ENCSR419JMU	80139	4182	1160	53	-0.19174909502	81912.4625141	0.0
HepG2_TIA1	ENCSR603TCV	86126	4610	908	55	0.178421399362	88820.2289477	0.0
HepG2_U2AF2	ENCSR104ABF	79769	3994	2438	118	-0.0489174070339	78728.9994362	0.0
K562_CNOT7	ENCSR419JMU	80122	4162	1428	87	0.230012795691	81281.2695841	0.0
HepG2_SERBP1	ENCSR689PHN	82865	4374	1033	79	0.534893957686	85029.3042796	0.0
K562_XRN2	ENCSR661HEL	77964	3917	898	59	0.387058492238	79978.231977	0.0
K562_PUM2	ENCSR620PUP	87298	4796	880	64	0.404685324654	90215.7248095	0.0
HepG2_RBFOX2	ENCSR104ABF	80550	4113	1075	56	0.0288555895617	82416.1091396	0.0
K562_XRCC5	ENCSR815CVQ	80702	4329	743	45	0.175133417712	83462.3083618	0.0
K562_STAU1	ENCSR032YMP	79983	4127	1008	45	-0.208898775902	82017.1941707	0.0
K562_HNRNPA1	ENCSR438MDN	81550	4405	869	57	0.280148600029	84112.997669	0.0
HepG2_LIN28B	ENCSR674KEK	86386	4474	770	66	0.726839845684	89195.837006	0.0
K562_STIP1	ENCSR419JMU	79665	4187	1000	43	-0.289562322999	81778.9941688	0.0
K562_DDX27	ENCSR245BNJ	78276	3948	595	31	0.0468265916396	80976.7661928	0.0
HepG2_RRP9	ENCSR856ZRV	83077	4205	1116	106	0.908070556991	84855.6636432	0.0
K562_PES1	ENCSR661HEL	77587	3909	695	36	0.039999287655	80040.5571345	0.0
K562_SF3B4	ENCSR344XID	72643	3141	2913	87	-0.533818554326	69903.2216717	0.0
K562_HNRNPUL1	ENCSR164MUK	81114	4383	1378	72	-0.0484748150555	82621.5928164	0.0
K562_RBM3	ENCSR936VPP	81233	3712	508	24	0.0480751236229	83884.3320094	0.0
K562_NAA15	ENCSR143COQ	76880	4016	2228	95	-0.292900747299	76316.815211	0.0
K562_PCBP2	ENCSR129RWD	77176	3706	2168	118	0.180711493063	76374.6598146	0.0
K562_HNRNPH1	ENCSR341TTW	79964	4239	896	52	0.130639565693	82317.6776042	0.0
K562_RECQL	ENCSR344XID	76893	3302	443	34	0.837740194895	79243.9023258	0.0
K562_AKAP1	ENCSR913CAE	79011	4242	668	30	-0.257576701953	81862.8597828	0.0
HepG2_UTP3	ENCSR691IVR	85872	4595	1142	74	0.276157456863	88051.3790322	0.0
HepG2_DDX21	ENCSR105NML	89819	4842	499	41	0.60800167479	93584.1194237	0.0
HepG2_SSRP1	ENCSR246RRQ	87426	4794	787	61	0.499278090872	90531.8606729	0.0
K562_DHX30	ENCSR667PLJ	74848	4073	738	37	-0.118223593082	77378.6127833	0.0
K562_WRN	ENCSR718EWL	85340	4652	645	29	-0.277875246568	88649.0556946	0.0
K562_HNRNPC	ENCSR771ZZL	72045	2695	1062	64	0.687973080402	72505.1745674	0.0
HepG2_DDX28	ENCSR856ZRV	85109	4434	541	41	0.540698245761	88382.8180119	0.0
HepG2_FXR1	ENCSR237YZT	86870	4719	1029	54	-0.049834803792	89435.8067269	0.0
HepG2_DAZAP1	ENCSR003EKR	86299	4542	411	27	0.319837149424	89967.1178943	0.0
K562_YBX3	ENCSR667PLJ	75436	4027	585	38	0.283110500596	78221.8952067	0.0
K562_EIF3G	ENCSR084SCN	76559	3563	997	61	0.394695240303	78020.0279129	0.0
K562_FXR2	ENCSR913CAE	80703	4328	337	12	-0.590792380446	84334.440518	0.0
HepG2_DHX30	ENCSR305XWT	82173	4029	776	32	-0.249742114656	84593.5823065	0.0
K562_CEBPZ	ENCSR163JUC	83709	4519	492	19	-0.483279711082	87208.971617	0.0
K562_FUBP3	ENCSR913CAE	78770	4166	764	29	-0.478536301678	81357.6120031	0.0
K562_BCCIP	ENCSR245BNJ	79746	4047	655	44	0.404567924275	82400.8582727	0.0
K562_GTF2F1	ENCSR815CVQ	80339	4261	608	32	-0.0110909661699	83324.8416212	0.0
HepG2_RTF1	ENCSR491FOC	85720	4247	632	33	0.0757292073979	88641.9160523	0.0
HepG2_NCBP2	ENCSR237YZT	7910	411	118	9	0.553749347759	8068.95738371	0.0
HepG2_DDX24	ENCSR003EKR	84538	4252	665	54	0.691063451286	87357.9168744	0.0
K562_DDX47	ENCSR898NWE	78761	3464	482	48	1.17904375805	81168.614861	0.0
HepG2_CALR	ENCSR364GRM	82930	4252	778	39	-0.0325435357713	85555.6564479	0.0
K562_AQR	ENCSR718EWL	78516	4298	5080	164	-0.761811488386	72660.9347519	0.0
K562_UPF1	ENCSR174OYC	82265	4481	914	57	0.195225787842	84814.8799997	0.0
K562_IGF2BP3	ENCSR129RWD	80404	3967	468	26	0.171221971453	83385.8944494	0.0
K562_CELF1	ENCSR081EST	71005	2611	1025	72	0.933763063569	71438.7819394	0.0
K562_DDX28	ENCSR661HEL	78230	3920	582	43	0.560185817308	80904.8015316	0.0
K562_HSPD1	ENCSR032YMP	80529	4152	1034	55	0.0449693126836	82517.0052226	0.0
HepG2_U2AF2	ENCSR491FOC	84321	4322	2644	147	0.117286882653	83148.905996	0.0
HepG2_RBM47	ENCSR279HMU	84267	4313	709	60	0.725452921717	87048.8000222	0.0
HepG2_LARP4	ENCSR135LXL	88610	4903	1192	74	0.16601770042	90998.1518971	0.0
K562_EIF4G1	ENCSR667PLJ	75396	4046	631	42	0.310740988705	78101.7169162	0.0
K562_AGO3	ENCSR898NWE	75692	3214	742	38	0.270351130382	77353.7230253	0.0
HepG2_RBM5	ENCSR481WJH	58254	2413	785	26	-0.322651830751	59055.8583927	0.0
HepG2_SSB	ENCSR997HCQ	87948	4784	1161	77	0.285995759341	90272.56568	0.0
K562_IGF2BP2	ENCSR129RWD	79500	3958	890	53	0.258370271608	81582.6732239	0.0
K562_PRPF6	ENCSR815CVQ	80239	4215	743	40	0.0354087841581	82895.259655	0.0
HepG2_RPS2	ENCSR674KEK	86612	4499	957	80	0.686443631027	89048.9966967	0.0
HepG2_UPF1	ENCSR691IVR	87176	4836	881	54	0.143934151863	90151.506357	0.0
HepG2_HNRNPA0	ENCSR279HMU	83029	4283	752	57	0.555222902735	85701.5695019	0.0
K562_PABPN1	ENCSR164MUK	76584	4111	2342	94	-0.419454771387	75896.7695894	0.0
HepG2_ZC3H8	ENCSR584UYK	84850	4516	995	77	0.540031093808	87234.9808309	0.0
HepG2_PRPF8	ENCSR856ZRV	83942	4342	969	55	0.133968064293	86247.8825142	0.0
HepG2_SRSF7	ENCSR105NML	89228	4849	851	42	-0.138960554757	92299.4800839	0.0
K562_SUCLG1	ENCSR620PUP	85503	4666	768	50	0.254610516608	88540.4340751	0.0
HepG2_IGF2BP1	ENCSR105NML	89210	4780	490	33	0.32987909523	92946.9192266	0.0
HepG2_RBM17	ENCSR104ABF	80460	4062	1537	81	0.0619581464107	81316.9760021	0.0
K562_DGCR8	ENCSR599PZD	83082	4624	364	11	-0.881040378487	86957.6209296	0.0
HepG2_YBX3	ENCSR305XWT	83156	4162	640	35	0.127826414698	85973.2200115	0.0
K562_GRSF1	ENCSR118EFE	81861	4279	1034	62	0.198006546603	83961.9589679	0.0
HepG2_NUFIP2	ENCSR104ABF	80825	4087	1299	78	0.247903957295	82180.3658387	0.0
K562_DDX1	ENCSR667PLJ	75158	4049	633	36	0.078152440165	77874.6513678	0.0
K562_FUS	ENCSR084SCN	75696	3358	630	32	0.195334912187	77735.5482852	0.0
HepG2_SUCLG1	ENCSR042QTH	88689	4698	1015	72	0.421297550636	91225.7196014	0.0
HepG2_RPS3A	ENCSR279HMU	83764	4309	1272	107	0.709489364791	85336.97298	0.0
HepG2_PRPF4	ENCSR584UYK	84789	4483	981	73	0.493055938764	87176.5387819	0.0
K562_HLTF	ENCSR815CVQ	79700	4289	740	31	-0.361318647	82454.0948269	0.0
HepG2_ZNF622	ENCSR691IVR	86226	4723	1213	73	0.135808238496	88395.1924073	0.0
HepG2_SRSF1	ENCSR603TCV	84728	4381	2304	138	0.212106150287	84291.9993935	0.0
HepG2_UBE2L3	ENCSR042QTH	87782	4621	1213	102	0.675709652757	89792.0130861	0.0
K562_MSI2	ENCSR620PUP	86445	4710	975	50	-0.0874186633672	89116.5276622	0.0
K562_EXOSC5	ENCSR341TTW	79547	4278	780	41	-0.0329791743207	82191.0412492	0.0
K562_AKAP8L	ENCSR143COQ	80710	4481	2016	102	-0.133999778084	81007.6780911	0.0
HepG2_HNRNPLL	ENCSR264TUE	82384	4367	1306	66	-0.0688953231708	84028.7009672	0.0
K562_POLR2G	ENCSR942UNX	75475	3447	511	36	0.625331168426	77831.835681	0.0
K562_ZRANB2	ENCSR815CVQ	79851	4254	710	38	0.00667083572839	82615.6524532	0.0
HepG2_NOLC1	ENCSR521WAI	81061	3957	798	64	0.716284066496	83302.8909893	0.0
HepG2_NIP7	ENCSR674KEK	85270	4421	766	59	0.571036084653	88048.6685324	0.0
HepG2_MTPAP	ENCSR264TUE	84027	4488	1099	61	0.0554700623407	86210.203063	0.0
HepG2_ASCC1	ENCSR237YZT	86172	4713	969	55	0.0535084399915	88848.5382002	0.0
K562_PCBP1	ENCSR129RWD	79445	3825	840	91	1.16997389369	81419.0465835	0.0
HepG2_PARN	ENCSR305XWT	83895	4157	780	49	0.342349708335	86401.829502	0.0
HepG2_PUF60	ENCSR042QTH	85072	4618	3042	125	-0.401675859754	83468.1591717	0.0
K562_IGF2BP3	ENCSR771ZZL	72264	2715	646	40	0.720790750948	73613.3641996	0.0
K562_POLR2G	ENCSR341TTW	80438	4173	530	39	0.504274054805	83476.8566166	0.0
K562_ADAR	ENCSR667PLJ	74548	4061	714	38	-0.0335900350632	77112.1940708	0.0
K562_NPM1	ENCSR164MUK	81369	4368	1068	44	-0.381829813892	83527.4611418	0.0
K562_YTHDC2	ENCSR164MUK	79596	4106	1795	81	-0.193027726676	79992.0776407	0.0
HepG2_EWSR1	ENCSR538QOG	86965	4740	1352	130	0.818964302137	88765.5842475	0.0
HepG2_IGF2BP3	ENCSR237YZT	85862	4591	1424	82	0.106958014638	87466.0812919	0.0
HepG2_EIF3H	ENCSR853AOV	85555	4665	824	49	0.125112501815	88482.4508185	0.0
HepG2_GNB2L1	ENCSR674KEK	86590	4500	810	64	0.604425418045	89350.4873096	0.0
K562_RBM39	ENCSR164MUK	78957	4228	2807	109	-0.463609130457	77455.6017218	0.0
HepG2_KRR1	ENCSR246RRQ	87301	4812	1002	45	-0.295524065016	90030.9213098	0.0
K562_KHSRP	ENCSR129RWD	79890	3918	786	33	-0.224165756349	82178.0110309	0.0
K562_CCAR1	ENCSR667PLJ	73385	3999	930	53	0.0646075665591	75430.4882129	0.0
K562_RBM22	ENCSR129RWD	79038	3900	932	41	-0.165633728104	81003.4209798	0.0
HepG2_AKAP8	ENCSR246RRQ	86752	4790	838	43	-0.105742221783	89788.4808576	0.0
K562_HNRNPA2B1	ENCSR164MUK	78368	4163	2319	113	-0.124538926807	77738.6891584	0.0
K562_DAZAP1	ENCSR815CVQ	80068	4168	847	36	-0.292494570713	82479.270937	0.0
K562_RBM15	ENCSR143COQ	79015	4352	2519	111	-0.32184344536	78190.1368895	0.0
K562_TUFM	ENCSR620PUP	81282	4326	807	51	0.24783080934	83900.613465	0.0
K562_TIAL1	ENCSR572FFX	75970	3963	846	42	-0.071431481516	78166.866152	0.0
HepG2_IGF2BP1	ENCSR491FOC	87457	4568	446	22	-0.0825289759784	91091.3803979	0.0
K562_NSUN2	ENCSR174OYC	81895	4465	1043	66	0.214913968937	84156.2590484	0.0
K562_SRSF7	ENCSR129RWD	80553	4002	769	36	-0.0857695392856	82952.6651041	0.0
K562_AARS	ENCSR572FFX	75940	3836	801	37	-0.129019693291	78108.8056707	0.0
K562_NELFE	ENCSR129RWD	80141	3948	777	35	-0.129141154529	82472.8436187	0.0
K562_DDX21	ENCSR129RWD	81381	4019	496	31	0.339783525675	84349.2621294	0.0
HepG2_EIF4G2	ENCSR042QTH	86681	4570	867	53	0.213481998202	89420.2865612	0.0
HepG2_SNRNP200	ENCSR104ABF	79716	4044	1351	73	0.0910270174512	80936.214049	0.0
HepG2_XRCC5	ENCSR491FOC	84720	4130	758	36	-0.0376401341559	87269.0957184	0.0
K562_DGCR8	ENCSR619GAS	84403	4630	530	35	0.267644647547	87906.5926596	0.0
