mut	control	eql_notG4	eql_G4	diff_notG4	diff_G4	logOR	chisq	p
HepG2_SRFBP1	ENCSR997HCQ	90515	3097	2271	185	1.25148307479	88768.0298714	0.0
HepG2_SDAD1	ENCSR521WAI	82688	2579	722	26	0.207378988159	83777.566345	0.0
K562_RBM25	ENCSR344XID	74289	1953	1084	32	0.167235710493	74026.3416835	0.0
HepG2_HNRNPAB	ENCSR279HMU	84493	2819	702	36	0.620174221362	85842.2922207	0.0
K562_TRA2A	ENCSR129RWD	81030	2563	710	28	0.318230464491	82123.5270442	0.0
HepG2_EXOSC5	ENCSR521WAI	82250	2590	596	21	0.16214057814	83610.4890058	0.0
K562_HNRNPL	ENCSR031RRO	82502	2811	1365	52	0.161028216863	82502.5459332	0.0
K562_SUPV3L1	ENCSR661HEL	78261	2526	1376	43	-0.0466329994757	77973.9250848	0.0
HepG2_SMNDC1	ENCSR491FOC	87316	2958	821	26	-0.0972466100966	88587.9480916	0.0
K562_FASTKD2	ENCSR084SCN	79000	2306	606	24	0.440176752436	80050.8983401	0.0
K562_GEMIN5	ENCSR661HEL	79434	2563	789	27	0.0848572822767	80373.1213913	0.0
HepG2_KHSRP	ENCSR237YZT	88843	3106	1045	46	0.332403104066	89779.9728889	0.0
K562_RTF1	ENCSR815CVQ	81987	2789	741	23	-0.132192444075	83254.8868452	0.0
K562_EIF3D	ENCSR661HEL	78729	2522	1196	47	0.294842150218	78784.0447499	0.0
HepG2_ABCF1	ENCSR067GHD	88008	3153	1102	39	-0.0176686929594	88893.2811887	0.0
HepG2_CEBPZ	ENCSR067GHD	86955	3118	708	13	-0.965589678757	88636.8188383	0.0
K562_EIF4A3	ENCSR913CAE	78221	2698	3715	86	-0.575288014101	73496.1801618	0.0
HepG2_HSPD1	ENCSR246RRQ	88996	3156	939	33	-0.013015844364	90218.2524798	0.0
K562_HNRNPK	ENCSR129RWD	79269	2391	1471	41	-0.11395878528	78664.000496	0.0
HepG2_ESF1	ENCSR067GHD	87396	3103	903	27	-0.247863026315	88648.5649834	0.0
HepG2_PUM1	ENCSR042QTH	89120	2998	1151	61	0.65574216371	89710.1065221	0.0
HepG2_SRSF9	ENCSR603TCV	86956	2969	1206	85	1.04561332332	87362.1595936	0.0
K562_SART3	ENCSR419JMU	81411	2721	1128	49	0.378173370125	81794.5115372	0.0
HepG2_CELF1	ENCSR042QTH	87808	2948	989	48	0.53167974704	88693.9208621	0.0
HepG2_DDX3X	ENCSR237YZT	88610	3078	1196	60	0.530293306621	89193.3124188	0.0
K562_CPEB4	ENCSR031RRO	84196	2918	819	29	0.0309612602003	85426.2548722	0.0
HepG2_FTO	ENCSR264TUE	83167	2810	1505	56	0.139176306914	82883.3506746	0.0
HepG2_DDX1	ENCSR305XWT	85094	2722	572	22	0.2658787206	86632.0227819	0.0
K562_GLRX3	ENCSR174OYC	82523	2858	803	36	0.372387271573	83711.2671523	0.0
K562_FAM120A	ENCSR661HEL	78416	2446	596	17	-0.129053936329	79640.6480439	0.0
K562_SLTM	ENCSR084SCN	78266	2246	619	29	0.70714127691	79221.2700686	0.0
K562_DROSHA	ENCSR164MUK	83574	2847	1296	46	0.0592517424391	83757.8405893	0.0
K562_NUSAP1	ENCSR572FFX	78392	2655	605	20	-0.0349405703673	79801.8198218	0.0
HepG2_HNRNPUL1	ENCSR104ABF	81203	2608	1117	38	0.0830312962454	81516.9187414	0.0
HepG2_ADAR	ENCSR305XWT	84317	2692	638	28	0.459015530011	85682.118777	0.0
K562_BCLAF1	ENCSR245BNJ	80841	2630	864	42	0.579382383894	81668.9048487	0.0
HepG2_BOP1	ENCSR264TUE	82564	2847	1470	54	0.0912855313304	82390.1966599	0.0
HepG2_RBM22	ENCSR997HCQ	90234	3144	1450	79	0.644941581241	90345.2855806	0.0
HepG2_EIF3G	ENCSR003EKR	86770	2886	644	40	0.901064340994	88293.334117	0.0
K562_PUF60	ENCSR620PUP	86926	3019	2633	85	-0.105455773006	84591.1470937	0.0
HepG2_SF1	ENCSR104ABF	81876	2668	1581	61	0.243725735702	81291.9232941	0.0
K562_FXR2	ENCSR081EST	72026	1723	441	14	0.408243255547	72841.813905	0.0
K562_TAF15	ENCSR942UNX	74985	2040	516	26	0.889173433151	75944.8821627	0.0
HepG2_RCC2	ENCSR674KEK	87661	2954	1053	37	0.0603570500056	88448.1122684	0.0
HepG2_SRSF5	ENCSR042QTH	90963	3085	538	35	0.939758095637	92905.5790797	0.0
K562_NFX1	ENCSR815CVQ	81522	2782	619	28	0.406554443794	83014.9819049	0.0
HepG2_AARS	ENCSR856ZRV	88044	3000	493	22	0.389178067419	90016.9218735	0.0
HepG2_EXOSC9	ENCSR003EKR	86386	2913	691	21	-0.150004560783	87880.6786864	0.0
K562_QKI	ENCSR344XID	77141	2105	628	22	0.360416579482	77951.342437	0.0
K562_SUGP2	ENCSR164MUK	81898	2734	1730	55	-0.0704535362681	81099.6506754	0.0
HepG2_EIF3D	ENCSR689PHN	84568	2864	700	24	0.0177598510356	85989.9952711	0.0
K562_RAVER1	ENCSR344XID	73229	1735	878	38	0.869257910823	73143.3593083	0.0
HepG2_DAZAP1	ENCSR042QTH	90767	3074	531	29	0.689391748903	92724.3800113	0.0
HepG2_HNRNPM	ENCSR067GHD	85986	3040	1010	39	0.127221195806	86940.3638881	0.0
K562_CCAR2	ENCSR620PUP	88925	3130	749	30	0.186423194166	90503.5962383	0.0
HepG2_EEF2	ENCSR689PHN	85028	2929	1145	49	0.313035866513	85585.2384781	0.0
HepG2_BCCIP	ENCSR856ZRV	86810	2992	731	30	0.25184216152	88286.4563257	0.0
K562_MATR3	ENCSR129RWD	81081	2561	891	33	0.22969722196	81804.2164333	0.0
HepG2_HNRNPF	ENCSR105NML	91186	3193	498	26	0.576265669098	93333.9314727	0.0
K562_EIF3A	ENCSR667PLJ	74322	2516	1415	65	0.440366973048	73906.6191225	0.0
HepG2_TARDBP	ENCSR264TUE	84485	2926	1191	38	-0.11833664006	84970.2832443	0.0
K562_SSB	ENCSR084SCN	78415	2249	737	24	0.183215779173	79149.1829646	0.0
HepG2_NUSAP1	ENCSR674KEK	87995	2966	700	32	0.439619935374	89502.9137443	0.0
K562_ATP5C1	ENCSR143COQ	84271	2937	1169	53	0.379482314253	84781.1726847	0.0
HepG2_SRSF5	ENCSR491FOC	89420	3040	411	11	-0.345108647945	91617.9288767	0.0
K562_MBNL1	ENCSR143COQ	85262	2994	1339	61	0.375553862883	85478.2711903	0.0
K562_NONO	ENCSR661HEL	78971	2561	794	33	0.357942723315	79886.4083576	0.0
HepG2_CIRBP	ENCSR237YZT	86945	2933	992	45	0.427310873695	87816.008655	0.0
K562_MAGOH	ENCSR129RWD	80400	2535	1607	40	-0.341088269725	79673.7511761	0.0
HepG2_BUD13	ENCSR067GHD	87368	3118	673	34	0.501412278631	89077.5549026	0.0
K562_AGO2	ENCSR898NWE	75987	2084	1071	36	0.293507674628	75872.7171078	0.0
K562_NCBP2	ENCSR913CAE	80810	2730	860	33	0.183762246807	81763.5512337	0.0
K562_SBDS	ENCSR419JMU	81573	2762	1054	26	-0.45691294733	82188.863423	0.0
HepG2_TAF15	ENCSR603TCV	87232	2851	1219	54	0.438722614411	87555.0573849	0.0
K562_SMN1	ENCSR419JMU	81096	2712	1016	41	0.271068990595	81707.348653	0.0
HepG2_SRSF4	ENCSR853AOV	86813	3090	914	25	-0.379961810197	88034.825202	0.0
HepG2_SRSF7	ENCSR603TCV	89398	3131	817	33	0.205748993614	90836.8142991	0.0
K562_METAP2	ENCSR424QCW	76737	2436	1063	39	0.208812663476	76984.3496015	0.0
HepG2_SUB1	ENCSR491FOC	85704	2732	680	28	0.369297136937	87025.6822834	0.0
K562_PAPOLA	ENCSR942UNX	72968	1969	724	31	0.666079318028	73434.6717072	0.0
K562_TBRG4	ENCSR344XID	75558	1915	628	21	0.399864891105	76180.4499066	0.0
K562_SAFB	ENCSR341TTW	78131	2610	1117	44	0.237791515633	78435.7109552	0.0
HepG2_PABPC1	ENCSR279HMU	84188	2831	1094	59	0.681476981107	84728.4458312	0.0
HepG2_FUBP3	ENCSR376RJN	84397	2978	926	39	0.255309893961	85455.6707749	0.0
HepG2_ATP5C1	ENCSR067GHD	88135	3151	773	28	0.0188637118512	89691.0285115	0.0
K562_TRIM56	ENCSR572FFX	78027	2635	984	41	0.303136064302	78625.0471936	0.0
HepG2_PUS1	ENCSR538QOG	89515	3196	869	34	0.13204061564	90913.7978413	0.0
HepG2_NONO	ENCSR856ZRV	87581	2982	880	62	1.04910235671	88689.1311682	0.0
K562_TARDBP	ENCSR129RWD	82235	2579	911	41	0.521113631951	82920.7438684	0.0
HepG2_PPIG	ENCSR246RRQ	88946	3152	814	31	0.103901613573	90415.7543045	0.0
HepG2_EIF4G1	ENCSR042QTH	88395	2912	814	34	0.342460363246	89618.8928319	0.0
HepG2_SND1	ENCSR491FOC	87544	2962	683	38	0.717550503523	89069.8161318	0.0
HepG2_FIP1L1	ENCSR067GHD	87566	3130	1200	53	0.305238012799	88207.3421829	0.0
HepG2_XPO5	ENCSR279HMU	84412	2829	947	55	0.793223123079	85248.6934709	0.0
K562_SDAD1	ENCSR341TTW	79733	2632	768	29	0.193964052576	80778.717018	0.0
K562_RECQL	ENCSR942UNX	76422	2220	423	15	0.287733175004	77768.4426798	0.0
K562_PA2G4	ENCSR661HEL	79320	2547	679	27	0.308433550761	80461.0986371	0.0
HepG2_PA2G4	ENCSR689PHN	80830	2764	1024	37	0.0795146924504	81485.4679059	0.0
HepG2_DDX59	ENCSR264TUE	85372	2917	1195	58	0.506391778429	85800.8803281	0.0
K562_RPS3	ENCSR772DUM	76523	2415	1805	57	0.000905232280614	75257.9211032	0.0
HepG2_HLTF	ENCSR491FOC	85876	2575	697	32	0.614595810498	86999.0547685	0.0
K562_UBE2L3	ENCSR620PUP	89611	3100	924	48	0.586549176683	90777.2708061	0.0
HepG2_DROSHA	ENCSR481WJH	72031	2118	975	34	0.246047871407	72144.7432407	0.0
K562_DDX51	ENCSR661HEL	79640	2564	672	27	0.319595133374	80811.9546378	0.0
HepG2_HNRNPF	ENCSR305XWT	86950	2808	625	43	1.09112356193	88427.1510002	0.0
HepG2_SF3B1	ENCSR264TUE	83373	2745	2140	134	0.927396303331	81631.4704017	0.0
HepG2_RPLP0	ENCSR674KEK	88610	2975	688	26	0.170682911895	90162.569107	0.0
K562_CELF1	ENCSR620PUP	89185	3101	696	33	0.447446276523	90833.7827631	0.0
HepG2_GRSF1	ENCSR279HMU	85562	2842	833	33	0.254213179995	86680.4929609	0.0
K562_HNRNPF	ENCSR572FFX	80927	2703	496	34	1.03725422899	82573.4676473	0.0
K562_TAF15	ENCSR344XID	77128	2008	453	18	0.609981287963	78196.8219837	0.0
K562_DDX21	ENCSR163JUC	85137	2951	468	18	0.15007071028	87118.6823998	0.0
K562_ZC3H8	ENCSR718EWL	86427	3018	1035	45	0.316255417125	87298.0655384	0.0
K562_SUPT6H	ENCSR164MUK	81764	2766	1778	48	-0.325484393211	80917.4964912	0.0
K562_AUH	ENCSR718EWL	87204	3054	584	18	-0.184277212529	89058.0171036	0.0
K562_DDX52	ENCSR661HEL	79510	2564	579	19	0.0251761284441	80882.3571332	0.0
HepG2_LSM11	ENCSR674KEK	87714	2869	769	27	0.102234970068	88997.9960181	0.0
HepG2_PCBP2	ENCSR491FOC	86733	2844	1157	66	0.79880861183	87147.9657825	0.0
K562_GRWD1	ENCSR572FFX	78155	2605	558	18	-0.0472134147853	79612.1083056	0.0
HepG2_XRN2	ENCSR856ZRV	85443	2923	820	40	0.511888563688	86654.4169567	0.0
K562_SYNCRIP	ENCSR341TTW	78896	2564	1204	39	-0.00473346701508	78992.9669716	0.0
HepG2_SUGP2	ENCSR246RRQ	88883	3135	816	36	0.322869823063	90321.9047734	0.0
K562_CKAP4	ENCSR324WIS	83222	2788	931	39	0.322427354785	84080.9605989	0.0
K562_AKAP8	ENCSR143COQ	84251	2991	1101	41	0.0689472456534	84972.949991	0.0
K562_DDX19B	ENCSR143COQ	86295	3034	769	32	0.243144192284	87734.1902923	0.0
HepG2_ZRANB2	ENCSR491FOC	86898	2916	789	34	0.360841699549	88175.5602462	0.0
HepG2_PHF6	ENCSR674KEK	87272	2891	659	24	0.136706191361	88802.1754169	0.0
HepG2_PNPT1	ENCSR279HMU	84753	2818	763	29	0.192962667729	85994.1674462	0.0
K562_ASCC1	ENCSR913CAE	80452	2765	578	18	-0.142223780496	82029.2697669	0.0
K562_EIF2S1	ENCSR913CAE	81740	2846	668	25	0.104186573682	83205.6786718	0.0
K562_FMR1	ENCSR424QCW	77045	2427	1173	33	-0.163137859273	77078.3074729	0.0
K562_LARP7	ENCSR572FFX	78466	2522	748	43	0.838797771134	79413.8636762	0.0
HepG2_NKRF	ENCSR246RRQ	88604	3131	862	22	-0.469436023772	89975.5407057	0.0
K562_HNRNPU	ENCSR438MDN	83970	2941	802	33	0.232430991198	85249.0302084	0.0
HepG2_MAGOH	ENCSR237YZT	87294	3038	2320	66	-0.29082624946	85623.0921422	0.0
HepG2_MATR3	ENCSR237YZT	87939	3045	1644	91	0.676789050283	87547.4537537	0.0
K562_DDX55	ENCSR572FFX	76089	2436	834	29	0.119179285248	76808.4865857	0.0
C4-2B_ZFX	ENCSR142YZV	94806	3370	400	18	0.340226681195	97341.7837993	0.0
HepG2_SUPT6H	ENCSR067GHD	86476	3090	875	38	0.281409355361	87749.3209265	0.0
K562_RBFOX2	ENCSR667PLJ	76298	2657	733	20	-0.351966186007	77456.1925259	0.0
HepG2_PCBP1	ENCSR603TCV	87936	2980	1481	141	1.49026510058	87703.6141735	0.0
K562_RCC2	ENCSR572FFX	76561	2573	869	24	-0.283163554598	77358.0873838	0.0
K562_EXOSC9	ENCSR815CVQ	82833	2868	787	25	-0.124274924557	84084.6952437	0.0
HepG2_SLBP	ENCSR042QTH	88431	2980	972	69	1.07487992077	89341.2815062	0.0
K562_MAK16	ENCSR143COQ	84494	2984	1248	41	-0.104320757077	84918.9966467	0.0
HepG2_SBDS	ENCSR279HMU	85556	2851	836	36	0.369894958726	86671.6234492	0.0
K562_UTP18	ENCSR143COQ	83065	2956	2312	57	-0.529513127225	81348.4504597	0.0
K562_CPSF7	ENCSR667PLJ	76447	2622	659	35	0.630868658462	77687.1480122	0.0
K562_SND1	ENCSR084SCN	76665	2076	599	21	0.372594973241	77505.8925425	0.0
HepG2_DDX21	ENCSR003EKR	87890	2980	475	26	0.690970806026	89870.793975	0.0
HepG2_HNRNPA1	ENCSR305XWT	83653	2690	1003	41	0.346185315855	84267.6508834	0.0
HepG2_FAM120A	ENCSR689PHN	84534	2916	788	46	0.758979229143	85790.0711457	0.0
HepG2_PUM2	ENCSR042QTH	89690	3049	1156	72	0.873538404092	90299.5997279	0.0
K562_DNAJC2	ENCSR667PLJ	76743	2609	764	27	0.0559249880351	77777.8852707	0.0
K562_SRSF9	ENCSR341TTW	81891	2785	793	27	0.00166611901974	83043.9408573	0.0
K562_WDR3	ENCSR174OYC	82833	2887	947	30	-0.137767392218	83777.1384539	0.0
K562_APOBEC3C	ENCSR620PUP	85740	2926	1028	38	0.115269706816	86546.8189555	0.0
K562_HNRNPA0	ENCSR419JMU	80164	2651	1085	42	0.227184017637	80576.3506171	0.0
HepG2_RAVER1	ENCSR491FOC	83819	2533	1844	117	1.07010010653	82475.9718677	0.0
HepG2_DDX6	ENCSR237YZT	87108	3078	1344	68	0.517885503735	87384.2390148	0.0
HepG2_KIF1C	ENCSR538QOG	89424	3222	649	35	0.581842029902	91283.0903547	0.0
HepG2_DDX47	ENCSR968BBQ	88180	3220	730	28	0.0709211517914	89890.2867987	0.0
HepG2_HNRNPU	ENCSR305XWT	84864	2762	1631	60	0.176716984751	84276.649569	0.0
HepG2_GEMIN5	ENCSR689PHN	83837	2896	1055	44	0.271857920308	84548.9445678	0.0
K562_NUFIP2	ENCSR174OYC	83094	2893	659	25	0.123827613915	84624.4424209	0.0
HepG2_PRPF6	ENCSR491FOC	87528	2873	732	25	0.0572710590154	88893.3392865	0.0
K562_PUM1	ENCSR620PUP	88202	3028	1105	44	0.213975223507	88946.4828729	0.0
HepG2_RBM34	ENCSR491FOC	86834	2821	604	24	0.290539233341	88403.4054866	0.0
K562_NOL12	ENCSR620PUP	87718	3052	1011	24	-0.551558730014	88711.8410806	0.0
HepG2_FMR1	ENCSR042QTH	88672	3010	706	35	0.546401867508	90206.0280973	0.0
K562_SF1	ENCSR898NWE	79104	2216	787	31	0.491697346735	79692.2634706	0.0
K562_DDX3X	ENCSR913CAE	80650	2784	704	18	-0.433063200113	81996.261649	0.0
K562_HNRNPC	ENCSR572FFX	79194	2592	1414	81	0.807537105826	78823.7780616	0.0
K562_FTO	ENCSR424QCW	76350	2417	1023	32	-0.0172516509393	76671.1306598	0.0
MCF-7_ZFX	ENCSR783OQM	96149	3548	282	14	0.427997507766	99105.8823337	0.0
HepG2_APOBEC3C	ENCSR279HMU	86088	2877	846	44	0.638092790457	87193.9866951	0.0
HepG2_SUPV3L1	ENCSR856ZRV	86822	2951	1062	58	0.684197774812	87547.1302546	0.0
K562_ABCF1	ENCSR032YMP	82163	2735	959	25	-0.352654693941	82941.4218909	0.0
HepG2_CNOT7	ENCSR279HMU	84666	2783	1203	58	0.552629985485	84945.3019218	0.0
HepG2_STAU1	ENCSR067GHD	87073	3102	775	38	0.46082985239	88556.3634538	0.0
HepG2_TRA2A	ENCSR491FOC	87491	2932	696	26	0.156673831531	88984.7673117	0.0
HepG2_PES1	ENCSR538QOG	89518	3234	669	36	0.574848821038	91347.4004182	0.0
K562_RPS19	ENCSR661HEL	78018	2473	1482	70	0.575426154989	77417.1329026	0.0
HepG2_RECQL	ENCSR603TCV	88995	3100	916	46	0.527742330867	90181.1107058	0.0
HepG2_NELFE	ENCSR603TCV	88822	3077	1102	55	0.526771912924	89599.6554339	0.0
HepG2_SF3B4	ENCSR603TCV	88079	3061	1750	86	0.499848687443	87505.1861263	0.0
HepG2_EIF4A3	ENCSR237YZT	87696	3018	1712	72	0.289304343863	87181.1393322	0.0
K562_RRP9	ENCSR661HEL	78684	2510	752	23	-0.0607158642136	79651.3977836	0.0
HepG2_HDGF	ENCSR538QOG	89727	3250	670	33	0.443407386593	91576.3380303	0.0
K562_PTBP1	ENCSR129RWD	82653	2595	629	30	0.603235130027	83935.133592	0.0
K562_AGGF1	ENCSR143COQ	80734	2888	2522	58	-0.637337840135	78541.948034	0.0
K562_SRSF4	ENCSR772DUM	77213	2441	1173	48	0.372274770376	77230.7637892	0.0
HepG2_RBM15	ENCSR585KOJ	89249	3199	896	31	-0.0510155048361	90603.2956444	0.0
HepG2_UPF2	ENCSR856ZRV	84631	2892	483	14	-0.237477700548	86531.8243163	0.0
K562_PSIP1	ENCSR572FFX	77518	2624	1033	38	0.119994698548	78014.315998	0.0
K562_FKBP4	ENCSR572FFX	75815	2370	887	30	0.113624650965	76361.7572315	0.0
HepG2_CKAP4	ENCSR538QOG	88795	3189	1376	61	0.303775021617	89132.4898259	0.0
K562_EIF4B	ENCSR913CAE	80071	2780	651	20	-0.176462602329	81514.4367	0.0
K562_TFIP11	ENCSR661HEL	78356	2514	763	27	0.14133545172	79297.7197709	0.0
HepG2_DDX27	ENCSR856ZRV	87629	2949	361	11	-0.143312740451	89835.5282212	0.0
HepG2_NAA15	ENCSR067GHD	86359	3051	816	29	0.00854810579723	87727.9859728	0.0
HepG2_FKBP4	ENCSR856ZRV	87035	2919	521	21	0.265227423351	88873.269836	0.0
HepG2_LARP7	ENCSR674KEK	87712	2952	795	28	0.0655534786513	89025.4712672	0.0
HepG2_AGGF1	ENCSR853AOV	84755	2870	807	29	0.0857319703262	85960.976932	0.0
HepG2_SFPQ	ENCSR104ABF	81518	2654	1337	51	0.228519972254	81418.908549	0.0
K562_CPSF6	ENCSR424QCW	77359	2472	1154	33	-0.160214892056	77474.655286	0.0
K562_HNRNPF	ENCSR163JUC	84366	2931	466	23	0.506572639635	86321.7544598	0.0
HepG2_RBM14	ENCSR521WAI	81805	2571	819	39	0.599470086703	82668.7911096	0.0
HepG2_TRIM56	ENCSR305XWT	85117	2770	1051	55	0.685302181254	85689.0695006	0.0
HepG2_CSTF2	ENCSR856ZRV	83016	2719	428	27	0.945661878832	84827.4747241	0.0
HepG2_NPM1	ENCSR104ABF	81996	2647	1231	43	0.113773140918	82114.1794403	0.0
K562_LSM11	ENCSR572FFX	78382	2642	715	22	-0.131547799419	79556.705419	0.0
HepG2_GPKOW	ENCSR264TUE	85386	2971	1341	58	0.313866506011	85581.1928858	0.0
HepG2_U2AF1	ENCSR067GHD	84277	2940	3733	134	0.0412202965776	79654.4585159	0.0
K562_FIP1L1	ENCSR032YMP	79428	2636	947	34	0.113467626964	80113.7293853	0.0
HepG2_PTBP1	ENCSR603TCV	88253	3054	1435	73	0.555862891077	88316.0781258	0.0
K562_EFTUD2	ENCSR661HEL	77920	2504	1752	67	0.250989340894	76827.1857501	0.0
HepG2_SRSF3	ENCSR264TUE	85193	2869	1724	85	0.549961898128	84481.4058602	0.0
HepG2_DNAJC21	ENCSR305XWT	84231	2760	799	29	0.147540424127	85342.8838793	0.0
HepG2_HNRNPD	ENCSR279HMU	85122	2828	750	35	0.490214254652	86387.0413307	0.0
HepG2_PSIP1	ENCSR674KEK	88728	2998	760	30	0.224352148238	90152.8099828	0.0
K562_HNRNPU	ENCSR898NWE	78637	2205	1299	72	0.98309700904	78123.8091254	0.0
HepG2_GTF2F1	ENCSR491FOC	87548	2897	640	26	0.295954254761	89117.9119212	0.0
K562_ILF2	ENCSR419JMU	80593	2613	1218	50	0.340433279314	80689.3643583	0.0
K562_FXR1	ENCSR913CAE	78849	2595	1716	68	0.267915018252	77915.1273968	0.0
HepG2_SNRNP70	ENCSR264TUE	84660	2824	1772	102	0.787130948351	83776.7734816	0.0
K562_SERBP1	ENCSR661HEL	77304	2433	860	27	-0.00357050626045	77972.8670522	0.0
HepG2_KHDRBS1	ENCSR279HMU	85768	2887	910	45	0.554926827837	86755.3565363	0.0
K562_PPIG	ENCSR032YMP	80962	2701	946	34	0.107445852243	81714.4815209	0.0
HepG2_DDX5	ENCSR776SXA	86624	3033	795	42	0.593455762198	87990.8777905	0.0
HepG2_TUFM	ENCSR042QTH	88648	3001	1042	63	0.836713219818	89452.5705963	0.0
K562_SF3A3	ENCSR174OYC	82695	2857	1459	61	0.275200330408	82539.0437659	0.0
HepG2_G3BP1	ENCSR237YZT	88501	3111	1181	43	0.0507149620624	89180.3541759	0.0
K562_SRSF5	ENCSR129RWD	80815	2550	738	34	0.546039778163	81828.1927258	0.0
K562_CNOT8	ENCSR898NWE	76134	2075	1019	35	0.333702317075	76115.2289592	0.0
K562_SF3B1	ENCSR424QCW	75207	2334	1766	63	0.201000778768	73926.1694731	0.0
K562_AATF	ENCSR815CVQ	82039	2804	639	28	0.358434453096	83514.2567578	0.0
K562_SMNDC1	ENCSR815CVQ	81472	2812	910	19	-0.725159396814	82436.2926066	0.0
HepG2_FASTKD2	ENCSR003EKR	86363	2867	690	30	0.389237593522	87795.8266944	0.0
HepG2_NSUN2	ENCSR264TUE	82232	2777	1210	39	-0.0672882778482	82529.3522177	0.0
K562_TROVE2	ENCSR092WKG	85207	3033	814	35	0.272552586469	86550.1802	0.0
HepG2_ACO1	ENCSR538QOG	88950	3167	906	44	0.447870211605	90226.8393648	0.0
K562_SNRNP200	ENCSR164MUK	78637	2615	2278	71	-0.0934794798473	76621.9180854	0.0
HepG2_DDX55	ENCSR856ZRV	87486	2965	935	62	0.968321912998	88468.2892004	0.0
HepG2_PPIL4	ENCSR305XWT	84249	2729	830	45	0.743100832587	85236.9189817	0.0
HepG2_PABPC4	ENCSR237YZT	88009	3050	1153	54	0.434480621285	88661.0614412	0.0
K562_EWSR1	ENCSR913CAE	79658	2755	787	21	-0.374207368707	80804.9354247	0.0
HepG2_ILF3	ENCSR279HMU	85905	2884	972	47	0.526375382565	86762.7639595	0.0
K562_PUS1	ENCSR143COQ	78928	2783	3978	85	-0.722612246033	73788.0887708	0.0
K562_G3BP2	ENCSR344XID	68074	1166	1083	36	0.956571664567	67020.3411101	0.0
HepG2_HNRNPL	ENCSR042QTH	87206	2967	1256	55	0.364089532297	87570.1093128	0.0
HepG2_CCAR1	ENCSR135LXL	90343	3236	1221	46	0.0728437800148	91062.1559027	0.0
HepG2_TBRG4	ENCSR246RRQ	87823	3083	1226	49	0.187158603082	88373.8936201	0.0
K562_SRFBP1	ENCSR572FFX	75424	2550	870	24	-0.293454578511	76196.2611496	0.0
HepG2_CPSF7	ENCSR067GHD	87655	3136	801	39	0.444582709159	89118.8046294	0.0
HepG2_CPSF6	ENCSR264TUE	84073	2878	1262	46	0.0905698179875	84354.6788175	0.0
K562_ILF3	ENCSR667PLJ	76280	2586	640	21	-0.0471000087187	77549.5402243	0.0
HepG2_EIF2S1	ENCSR237YZT	86524	3068	1248	59	0.414970805104	86997.1354475	0.0
HepG2_SART3	ENCSR279HMU	85467	2848	820	39	0.513268550787	86605.401423	0.0
HepG2_G3BP2	ENCSR237YZT	88726	3073	1013	46	0.390780754706	89693.2541731	0.0
K562_DNAJC21	ENCSR667PLJ	76672	2646	777	24	-0.159993441176	77724.0918654	0.0
HepG2_TROVE2	ENCSR689PHN	83447	2871	745	24	-0.0948991660418	84786.8518547	0.0
HepG2_MSI2	ENCSR067GHD	87254	3103	990	32	-0.137799046393	88324.5627261	0.0
HepG2_PKM	ENCSR689PHN	83665	2877	847	47	0.690357785267	84763.3425941	0.0
HepG2_AGO1	ENCSR003EKR	86171	2845	662	21	-0.0576681154619	87655.2407569	0.0
HepG2_AUH	ENCSR997HCQ	92384	3329	887	44	0.461123561432	93860.0978467	0.0
K562_IGF2BP1	ENCSR163JUC	85187	2960	486	24	0.507114200279	87129.9672712	0.0
K562_TARDBP	ENCSR372DZW	85424	2841	548	27	0.567026136678	87118.7720521	0.0
K562_HNRNPM	ENCSR032YMP	75604	2385	1213	40	0.0639656539214	75503.1323827	0.0
HepG2_HNRNPA2B1	ENCSR042QTH	87933	2879	757	40	0.690543600736	89225.0726307	0.0
K562_PKM	ENCSR438MDN	83661	2932	759	29	0.124623153748	85024.1727316	0.0
K562_DKC1	ENCSR143COQ	84316	2932	1007	29	-0.272017555156	85188.3136033	0.0
HepG2_ETF1	ENCSR997HCQ	92874	3336	1098	45	0.190274335268	93937.5880855	0.0
HepG2_ILF2	ENCSR305XWT	85614	2783	895	29	-0.00462895867664	86558.6584303	0.0
K562_EEF2	ENCSR661HEL	79052	2535	810	37	0.510419578461	79901.8396397	0.0
K562_RPS3A	ENCSR419JMU	80284	2590	1067	47	0.4493328859	80661.0336665	0.0
K562_SUB1	ENCSR815CVQ	81887	2828	605	20	-0.0630828280576	83469.6113219	0.0
K562_XPO5	ENCSR164MUK	80790	2657	1345	63	0.510196063676	80654.8854845	0.0
K562_G3BP1	ENCSR129RWD	80055	2489	762	22	-0.10686219224	80983.4475191	0.0
K562_SAFB2	ENCSR154OBA	82078	2842	717	22	-0.174380572629	83448.4337228	0.0
HepG2_MARK2	ENCSR674KEK	86274	2858	726	27	0.166909789133	87632.3643996	0.0
K562_SSRP1	ENCSR032YMP	81943	2677	954	33	0.0824803312877	82657.5134948	0.0
HepG2_HNRNPK	ENCSR237YZT	87028	2992	1918	112	0.764265478607	86006.463093	0.0
K562_KIF1C	ENCSR143COQ	84032	2969	1901	53	-0.341732539179	83136.9511674	0.0
K562_KRR1	ENCSR424QCW	74550	2283	1161	40	0.169981425855	74449.7815968	0.0
K562_EIF3H	ENCSR226KWO	83091	2747	928	37	0.270235774948	83918.8627094	0.0
HepG2_SF3A3	ENCSR691IVR	86282	3024	2776	87	-0.161318783124	83671.8168076	0.0
HepG2_UCHL5	ENCSR856ZRV	79043	2716	832	32	0.162642601209	80040.1345874	0.0
K562_PARN	ENCSR667PLJ	75619	2631	697	29	0.258031766621	76804.7440807	0.0
K562_SRPK2	ENCSR174OYC	83541	2894	900	46	0.561128350767	84553.4270059	0.0
K562_XRCC6	ENCSR815CVQ	80434	2697	1300	36	-0.275992865801	80480.4915492	0.0
K562_IGF2BP1	ENCSR129RWD	82688	2602	529	25	0.586717385637	84185.6244999	0.0
HepG2_AKAP1	ENCSR237YZT	87882	3014	1449	58	0.222955496206	87907.0072629	0.0
K562_PABPC4	ENCSR344XID	76232	2048	744	30	0.585840890775	76739.7006558	0.0
K562_DDX6	ENCSR913CAE	80839	2806	648	20	-0.169457346762	82314.3368762	0.0
K562_WDR43	ENCSR174OYC	82676	2860	987	43	0.332740018637	83488.4294756	0.0
K562_BUD13	ENCSR032YMP	79589	2613	973	27	-0.242618472801	80214.1742139	0.0
HepG2_UTP18	ENCSR691IVR	89715	3162	749	31	0.231814347446	91323.5570676	0.0
K562_KHDRBS1	ENCSR667PLJ	76342	2617	736	35	0.472212214017	77424.5637418	0.0
HepG2_HNRNPC	ENCSR305XWT	84466	2714	1809	75	0.367720103904	83452.8157614	0.0
K562_TRIP6	ENCSR032YMP	81878	2711	916	35	0.206658073237	82697.6994995	0.0
K562_FXR2	ENCSR828YEB	65298	1731	1109	36	0.29224252588	64758.5835956	0.0
HepG2_CCAR2	ENCSR674KEK	86901	2843	619	31	0.614287485773	88448.74719	0.0
K562_PTBP1	ENCSR163JUC	84635	2921	689	24	0.013322464303	86135.8062316	0.0
HepG2_IGF2BP2	ENCSR237YZT	87459	3043	1184	54	0.39047475041	88042.9869869	0.0
HepG2_NUP35	ENCSR960MSV	86593	3110	690	28	0.17616629009	88272.750225	0.0
K562_HNRNPAB	ENCSR419JMU	81048	2679	1079	41	0.201082954016	81501.9923061	0.0
K562_PHF6	ENCSR572FFX	78548	2605	834	26	-0.0892445910328	79442.1146723	0.0
K562_SF1	ENCSR164MUK	81662	2646	1239	61	0.603556800015	81728.2047478	0.0
HepG2_RBM25	ENCSR603TCV	87279	3018	1548	80	0.579708199829	87070.5762863	0.0
K562_CSTF2	ENCSR245BNJ	78510	2581	873	38	0.404964048377	79279.2668861	0.0
HepG2_DDX19B	ENCSR538QOG	88947	3164	879	54	0.788292589263	90254.6081506	0.0
HepG2_AKAP8L	ENCSR538QOG	89801	3227	833	42	0.488610764999	91286.2736007	0.0
K562_UCHL5	ENCSR661HEL	79199	2555	924	39	0.387740195514	79839.3754394	0.0
HepG2_GRWD1	ENCSR674KEK	86900	2783	620	19	-0.0635535285731	88409.5531914	0.0
K562_UPF2	ENCSR438MDN	83598	2910	615	18	-0.250140229373	85246.6356709	0.0
K562_RBM34	ENCSR129RWD	81245	2563	617	14	-0.475398111771	82550.7621643	0.0
K562_RPS10	ENCSR084SCN	78304	2304	556	22	0.427363930551	79456.1579648	0.0
HepG2_NOL12	ENCSR042QTH	89014	3055	951	62	0.925682753394	90054.4184759	0.0
K562_EIF4G2	ENCSR620PUP	87436	3037	1005	42	0.266846225566	88391.1324284	0.0
HepG2_RPS19	ENCSR689PHN	83592	2885	1294	48	0.104062253504	83813.8296691	0.0
K562_SLBP	ENCSR667PLJ	76879	2650	790	31	0.187012772979	77895.4805931	0.0
HepG2_SRP68	ENCSR856ZRV	87756	2957	487	26	0.663953375347	89689.9312059	0.0
K562_UTP3	ENCSR024FOF	83179	2817	939	47	0.563595375824	84035.3844513	0.0
HepG2_TFIP11	ENCSR856ZRV	85298	2892	747	39	0.62281024344	86625.0678103	0.0
HepG2_RPS10	ENCSR491FOC	86398	2855	834	28	0.0228866141959	87537.325209	0.0
K562_MTPAP	ENCSR174OYC	82953	2876	910	43	0.446700596	83933.6256681	0.0
K562_DGCR8	ENCSR395HQT	83155	2977	490	8	-1.13276605223	85138.9088771	0.0
K562_PRPF8	ENCSR661HEL	76014	2383	2302	89	0.302475609888	73688.0374878	0.0
K562_LIN28B	ENCSR572FFX	78810	2639	499	17	0.024882281329	80420.2690214	0.0
K562_CIRBP	ENCSR129RWD	81636	2544	599	26	0.478062444561	82934.6608553	0.0
HepG2_FUS	ENCSR491FOC	87876	2923	943	28	-0.1638115712	88867.387579	0.0
K562_CSTF2T	ENCSR815CVQ	82097	2835	625	26	0.268636202115	83634.996539	0.0
K562_ESF1	ENCSR032YMP	80933	2651	820	33	0.297033518376	81886.7188951	0.0
K562_DDX47	ENCSR031RRO	84363	2849	668	32	0.504378579915	85817.6487574	0.0
K562_PNPT1	ENCSR620PUP	88322	3093	894	34	0.119025922998	89568.4228629	0.0
HepG2_METAP2	ENCSR689PHN	84689	2888	1187	55	0.442287440943	85110.6844153	0.0
K562_CCDC124	ENCSR143COQ	86272	3057	839	22	-0.434391437508	87615.3176468	0.0
HepG2_EIF2S2	ENCSR067GHD	87252	3104	817	36	0.308720471976	88658.0676541	0.0
K562_DDX24	ENCSR913CAE	81056	2774	659	33	0.549138753739	82451.7503636	0.0
K562_U2AF2	ENCSR344XID	70375	1601	2727	68	0.132381660561	66494.558234	0.0
HepG2_CSTF2T	ENCSR003EKR	85950	2736	602	26	0.440177545748	87434.4635274	0.0
K562_PCBP3	ENCSR341TTW	81705	2763	1277	48	0.152536591655	81838.792618	0.0
K562_SFPQ	ENCSR164MUK	81302	2816	1357	56	0.252721520068	81315.7631284	0.0
K562_TRNAU1AP	ENCSR341TTW	80436	2722	921	35	0.167328038578	81256.995576	0.0
HepG2_RBM39	ENCSR104ABF	80377	2595	1336	58	0.427252990051	80207.5028907	0.0
HepG2_AATF	ENCSR003EKR	85549	2722	584	21	0.176504882796	87065.1486875	0.0
K562_SRSF7	ENCSR163JUC	84242	2917	780	35	0.373935099823	85536.6420028	0.0
K562_PPP1R8	ENCSR164MUK	81631	2813	1857	70	0.129460590033	80633.9862682	0.0
HepG2_RBM27	ENCSR674KEK	88417	2979	1021	41	0.253208609337	89284.354335	0.0
HepG2_SMN1	ENCSR305XWT	85923	2790	880	31	0.117543935569	86900.3571651	0.0
K562_LARP4	ENCSR164MUK	82883	2826	1110	46	0.281460847219	83412.6142948	0.0
HepG2_DDX52	ENCSR689PHN	85187	2953	730	30	0.245517964387	86626.5604241	0.0
K562_GPKOW	ENCSR424QCW	76811	2467	1056	31	-0.129714497564	77118.9074626	0.0
HepG2_FASTKD1	ENCSR279HMU	84772	2766	673	22	0.00268368698239	86153.51789	0.0
K562_SRP68	ENCSR661HEL	79253	2564	823	33	0.309642879147	80113.9711416	0.0
HepG2_TIAL1	ENCSR305XWT	83847	2728	1440	68	0.537453361316	83585.4257743	0.0
K562_SRSF1	ENCSR129RWD	78596	2447	2413	95	0.338613292606	76104.7704457	0.0
K562_TIA1	ENCSR129RWD	81119	2573	793	30	0.25423004525	82054.1019651	0.0
HepG2_RPS5	ENCSR674KEK	88460	2973	815	33	0.268771744118	89744.8750577	0.0
K562_PTBP1	ENCSR898NWE	80165	2268	607	25	0.541783432316	81173.8717062	0.0
HepG2_DNAJC2	ENCSR305XWT	84423	2762	803	31	0.238791005026	85524.9857719	0.0
K562_U2AF1	ENCSR344XID	71049	1691	2491	55	-0.1082838136	67737.1241157	0.0
HepG2_DKC1	ENCSR538QOG	88350	3148	1010	32	-0.16941688882	89425.8714093	0.0
K562_BOP1	ENCSR424QCW	76446	2390	1099	39	0.182785039835	76576.4358026	0.0
HepG2_SLTM	ENCSR491FOC	87079	2885	713	33	0.482317468895	88478.2154903	0.0
HepG2_CDC40	ENCSR481WJH	75682	2316	876	23	-0.22098204762	76210.3678894	0.0
HepG2_EIF4B	ENCSR237YZT	88049	3034	1285	53	0.259381438796	88426.6793187	0.0
K562_AGO1	ENCSR084SCN	78460	2263	608	28	0.675076254312	79456.0579391	0.0
K562_EIF2S2	ENCSR118EFE	82783	2750	799	38	0.517706828575	83867.2368312	0.0
HepG2_EFTUD2	ENCSR689PHN	84769	2920	970	38	0.185583070207	85684.594097	0.0
K562_ZNF800	ENCSR341TTW	81518	2770	854	29	-0.000950489683913	82531.2502967	0.0
K562_PPIL4	ENCSR419JMU	80008	2650	1097	31	-0.229071502514	80417.4037499	0.0
HepG2_RPLP0	ENCSR105NML	91886	3205	572	21	0.0738948893754	93908.6983576	0.0
K562_RBM17	ENCSR118EFE	83370	2776	950	44	0.47609677765	84169.5226432	0.0
HepG2_RPL23A	ENCSR674KEK	88113	2971	639	26	0.27110197384	89758.8615936	0.0
HepG2_XRCC6	ENCSR491FOC	87503	2920	954	36	0.177371751146	88453.8448047	0.0
HepG2_STIP1	ENCSR279HMU	84124	2837	824	28	0.0109337893495	85265.3474813	0.0
HepG2_QKI	ENCSR603TCV	88894	3077	1260	61	0.484019016417	89348.0687678	0.0
HepG2_BCLAF1	ENCSR856ZRV	87243	2965	755	31	0.272798846662	88642.8578767	0.0
HepG2_SAFB2	ENCSR305XWT	84014	2730	907	48	0.703660660965	84844.6357646	0.0
K562_PABPC1	ENCSR419JMU	81584	2737	1178	35	-0.175221903622	81912.4568369	0.0
HepG2_TIA1	ENCSR603TCV	87716	3020	924	39	0.293872746927	88820.2370548	0.0
HepG2_U2AF2	ENCSR104ABF	81155	2608	2471	85	0.0981758487993	78729.0071036	0.0
K562_CNOT7	ENCSR419JMU	81576	2708	1451	64	0.410013319621	81281.3216291	0.0
HepG2_SERBP1	ENCSR689PHN	84359	2880	1057	55	0.608001328744	85029.2943283	0.0
K562_XRN2	ENCSR661HEL	79321	2560	919	38	0.357493612557	79978.2114447	0.0
K562_PUM2	ENCSR620PUP	88965	3129	897	47	0.575088985576	90215.7500836	0.0
HepG2_RBFOX2	ENCSR104ABF	81969	2694	1091	40	0.157749350159	82416.115024	0.0
K562_XRCC5	ENCSR815CVQ	82205	2826	758	30	0.203229333064	83462.3078759	0.0
K562_STAU1	ENCSR032YMP	81418	2692	1023	30	-0.1731023665	82017.1881032	0.0
K562_HNRNPA1	ENCSR438MDN	83090	2865	882	44	0.532864586022	84113.038168	0.0
HepG2_LIN28B	ENCSR674KEK	87926	2934	791	45	0.769668273736	89195.8061793	0.0
K562_STIP1	ENCSR419JMU	81127	2725	1010	33	-0.0398914533974	81778.9737452	0.0
K562_DDX27	ENCSR245BNJ	79655	2569	607	19	-0.0431390645949	80976.7660818	0.0
HepG2_RRP9	ENCSR856ZRV	84539	2743	1141	81	1.12955744633	84855.7916748	0.0
K562_PES1	ENCSR661HEL	78944	2552	706	25	0.131461203039	80040.558698	0.0
K562_SF3B4	ENCSR344XID	73753	2031	2943	57	-0.507742223454	69903.0355919	0.0
K562_HNRNPUL1	ENCSR164MUK	82632	2865	1402	48	-0.0182145906427	82621.5916316	0.0
K562_RBM3	ENCSR936VPP	82537	2408	515	17	0.178167923147	83884.3334239	0.0
K562_NAA15	ENCSR143COQ	78272	2624	2252	71	-0.0885873086662	76316.7144489	0.0
K562_PCBP2	ENCSR129RWD	78480	2402	2204	82	0.281660481448	76374.6955622	0.0
K562_HNRNPH1	ENCSR341TTW	81439	2764	913	35	0.175702292606	82317.6786997	0.0
K562_RECQL	ENCSR344XID	78052	2143	459	18	0.514306503114	79243.8504289	0.0
K562_AKAP1	ENCSR913CAE	80489	2764	680	18	-0.37550382423	81862.8621058	0.0
HepG2_UTP3	ENCSR691IVR	87451	3016	1164	52	0.373330922937	88051.3897536	0.0
HepG2_DDX21	ENCSR105NML	91479	3182	510	30	0.757972013025	93584.1261165	0.0
HepG2_SSRP1	ENCSR246RRQ	89075	3145	805	43	0.597308437841	90531.8629664	0.0
K562_DHX30	ENCSR667PLJ	76264	2657	751	24	-0.124574528216	77378.6121624	0.0
K562_WRN	ENCSR718EWL	86953	3039	657	17	-0.43371949566	88649.0592616	0.0
K562_HNRNPC	ENCSR771ZZL	72991	1749	1082	44	0.763063226954	72505.1462108	0.0
HepG2_DDX28	ENCSR856ZRV	86636	2907	553	29	0.644208983295	88382.8191161	0.0
HepG2_FXR1	ENCSR237YZT	88504	3085	1042	41	0.17481270813	89435.8128599	0.0
HepG2_DAZAP1	ENCSR003EKR	87872	2969	420	18	0.343034015937	89967.1165931	0.0
K562_YBX3	ENCSR667PLJ	76824	2639	601	22	0.0917042648666	78221.8850716	0.0
K562_EIF3G	ENCSR084SCN	77804	2318	1018	40	0.399298105212	78020.0099253	0.0
K562_FXR2	ENCSR913CAE	82196	2835	343	6	-0.979454717671	84334.4440211	0.0
HepG2_DHX30	ENCSR305XWT	83550	2652	789	19	-0.398466828847	84593.5870034	0.0
K562_CEBPZ	ENCSR163JUC	85281	2947	498	13	-0.404656824348	87208.9654268	0.0
K562_FUBP3	ENCSR913CAE	80219	2717	774	19	-0.464404731564	81357.6008735	0.0
K562_BCCIP	ENCSR245BNJ	81162	2631	666	33	0.612137015201	82400.8789809	0.0
K562_GTF2F1	ENCSR815CVQ	81813	2787	621	19	-0.154976748218	83324.8432185	0.0
HepG2_RTF1	ENCSR491FOC	87173	2794	643	22	0.0942341252465	88641.9160845	0.0
HepG2_NCBP2	ENCSR237YZT	8068	253	120	7	0.895466120368	8068.97850484	0.0
HepG2_DDX24	ENCSR003EKR	86012	2778	680	39	0.828430730349	87357.9235102	0.0
K562_DDX47	ENCSR898NWE	79980	2245	496	34	1.28811846193	81168.590891	0.0
HepG2_CALR	ENCSR364GRM	84389	2793	794	23	-0.192265762113	85555.6599966	0.0
K562_AQR	ENCSR718EWL	80011	2803	5135	109	-0.72280952898	72659.7961712	0.0
K562_UPF1	ENCSR174OYC	83819	2927	932	39	0.260998732891	84814.8827366	0.0
K562_IGF2BP3	ENCSR129RWD	81805	2566	473	21	0.501216998665	83385.906769	0.0
K562_CELF1	ENCSR081EST	71927	1689	1047	50	1.02410266165	71438.720743	0.0
K562_DDX28	ENCSR661HEL	79592	2558	597	28	0.545303060466	80904.7844395	0.0
K562_HSPD1	ENCSR032YMP	81974	2707	1049	40	0.207528736948	82517.0148409	0.0
HepG2_U2AF2	ENCSR491FOC	85802	2841	2691	100	0.166470054082	83148.9174655	0.0
HepG2_RBM47	ENCSR279HMU	85744	2836	723	46	0.943816402578	87048.8425129	0.0
HepG2_LARP4	ENCSR135LXL	90283	3230	1223	43	-0.025095645438	90998.1395626	0.0
K562_EIF4G1	ENCSR667PLJ	76809	2633	644	29	0.393560057382	78101.7189831	0.0
K562_AGO3	ENCSR898NWE	76831	2075	748	32	0.663610829831	77353.7757629	0.0
HepG2_RBM5	ENCSR481WJH	59109	1558	794	17	-0.299921680976	59055.8511458	0.0
HepG2_SSB	ENCSR997HCQ	89601	3131	1183	55	0.411944775296	90272.5852676	0.0
K562_IGF2BP2	ENCSR129RWD	80896	2562	906	37	0.366812113418	81582.6811539	0.0
K562_PRPF6	ENCSR815CVQ	81700	2754	758	25	-0.0314622346109	82895.2595497	0.0
HepG2_RPS2	ENCSR674KEK	88160	2951	983	54	0.714688293849	89048.948768	0.0
HepG2_UPF1	ENCSR691IVR	88838	3174	900	35	0.12230470646	90151.5036682	0.0
HepG2_HNRNPA0	ENCSR279HMU	84489	2823	770	39	0.600150072094	85701.5562701	0.0
K562_PABPN1	ENCSR164MUK	78013	2682	2370	66	-0.303943813669	75896.6236996	0.0
HepG2_ZC3H8	ENCSR584UYK	86403	2963	1015	57	0.711576875777	87235.0200102	0.0
HepG2_PRPF8	ENCSR856ZRV	85437	2847	979	45	0.464034638242	86247.9293773	0.0
HepG2_SRSF7	ENCSR105NML	90896	3181	862	31	0.0393167824	92299.4767674	0.0
K562_SUCLG1	ENCSR620PUP	87120	3049	782	36	0.395496102729	88540.4443871	0.0
HepG2_IGF2BP1	ENCSR105NML	90852	3138	503	20	0.203114521708	92946.9123176	0.0
HepG2_RBM17	ENCSR104ABF	81859	2663	1561	57	0.166651901267	81316.9873476	0.0
K562_DGCR8	ENCSR599PZD	84670	3036	370	5	-1.40784617243	86957.6251	0.0
HepG2_YBX3	ENCSR305XWT	84577	2741	649	26	0.305856204829	85973.2267145	0.0
K562_GRSF1	ENCSR118EFE	83351	2789	1048	48	0.452919167691	83962.0029571	0.0
HepG2_NUFIP2	ENCSR104ABF	82233	2679	1325	52	0.268614049329	82180.3587293	0.0
K562_DDX1	ENCSR667PLJ	76571	2636	645	24	0.112182973656	77874.6517056	0.0
K562_FUS	ENCSR084SCN	76876	2178	636	26	0.529014175671	77735.5720446	0.0
HepG2_SUCLG1	ENCSR042QTH	90310	3077	1042	45	0.34200293102	91225.6807417	0.0
HepG2_RPS3A	ENCSR279HMU	85239	2834	1307	72	0.728483580205	85336.869914	0.0
HepG2_PRPF4	ENCSR584UYK	86331	2941	1000	54	0.664603227957	87176.5748241	0.0
K562_HLTF	ENCSR815CVQ	81195	2794	746	25	-0.0381886675668	82454.077761	0.0
HepG2_ZNF622	ENCSR691IVR	87856	3093	1235	51	0.230192093354	88395.2014415	0.0
HepG2_SRSF1	ENCSR603TCV	86247	2862	2340	102	0.393511225532	84292.1226458	0.0
HepG2_UBE2L3	ENCSR042QTH	89383	3020	1248	67	0.668066984271	89791.9114823	0.0
K562_MSI2	ENCSR620PUP	88077	3078	993	32	-0.116949714356	89116.5279899	0.0
K562_EXOSC5	ENCSR341TTW	81032	2793	794	27	-0.0195034246701	82191.0410965	0.0
K562_AKAP8L	ENCSR143COQ	82260	2931	2043	75	0.0430714004609	81007.6588558	0.0
HepG2_HNRNPLL	ENCSR264TUE	83881	2870	1325	47	0.0520336261698	84028.6996348	0.0
K562_POLR2G	ENCSR942UNX	76688	2234	520	27	0.833819443271	77831.8522959	0.0
K562_ZRANB2	ENCSR815CVQ	81334	2771	720	28	0.190881777071	82615.6566486	0.0
HepG2_NOLC1	ENCSR521WAI	82430	2588	822	40	0.632193483627	83302.8153022	0.0
HepG2_NIP7	ENCSR674KEK	86795	2896	781	44	0.755731308685	88048.6961136	0.0
HepG2_MTPAP	ENCSR264TUE	85569	2946	1116	44	0.195569201984	86210.212153	0.0
HepG2_ASCC1	ENCSR237YZT	87794	3091	989	35	0.00743309363057	88848.5374035	0.0
K562_PCBP1	ENCSR129RWD	80796	2474	866	65	1.29351106354	81418.9898539	0.0
HepG2_PARN	ENCSR305XWT	85315	2737	799	30	0.226970979943	86401.8116965	0.0
HepG2_PUF60	ENCSR042QTH	86672	3018	3075	92	-0.218907454113	83467.901158	0.0
K562_IGF2BP3	ENCSR771ZZL	73213	1766	660	26	0.707660097889	73613.332549	0.0
K562_POLR2G	ENCSR341TTW	81893	2718	544	25	0.469516126634	83476.8436395	0.0
K562_ADAR	ENCSR667PLJ	75972	2637	721	31	0.308839186226	77112.2069634	0.0
K562_NPM1	ENCSR164MUK	82894	2843	1077	35	-0.0777378407965	83527.4238015	0.0
K562_YTHDC2	ENCSR164MUK	81039	2663	1817	59	-0.0172076167629	79992.0466805	0.0
HepG2_EWSR1	ENCSR538QOG	88570	3135	1405	77	0.630712896313	88765.1789666	0.0
HepG2_IGF2BP3	ENCSR237YZT	87443	3010	1451	55	0.139035415292	87466.0823938	0.0
HepG2_EIF3H	ENCSR853AOV	87152	3068	839	34	0.203099225148	88482.4537272	0.0
HepG2_GNB2L1	ENCSR674KEK	88134	2956	836	38	0.43854889071	89350.4184229	0.0
K562_RBM39	ENCSR164MUK	80420	2765	2844	72	-0.441577797611	77455.4510395	0.0
HepG2_KRR1	ENCSR246RRQ	88964	3149	1017	30	-0.262957374851	90030.9117324	0.0
K562_KHSRP	ENCSR129RWD	81267	2541	799	20	-0.320922240897	82178.0130178	0.0
K562_CCAR1	ENCSR667PLJ	74779	2605	947	36	0.125982286899	75430.4902969	0.0
K562_RBM22	ENCSR129RWD	80415	2523	940	33	0.162129697188	81003.4196288	0.0
HepG2_AKAP8	ENCSR246RRQ	88407	3135	849	32	0.0880025139584	89788.4798466	0.0
K562_HNRNPA2B1	ENCSR164MUK	79820	2711	2353	79	-0.0166515964863	77738.6657833	0.0
K562_DAZAP1	ENCSR815CVQ	81518	2718	856	27	-0.0800781892595	82479.2568525	0.0
K562_RBM15	ENCSR143COQ	80526	2841	2552	78	-0.207026459932	78190.018533	0.0
K562_TUFM	ENCSR620PUP	82775	2833	817	41	0.552152335266	83900.65726	0.0
K562_TIAL1	ENCSR572FFX	77350	2583	858	30	0.0663385012147	78166.865743	0.0
HepG2_IGF2BP1	ENCSR491FOC	89019	3006	453	15	-0.0282802645202	91091.3800773	0.0
K562_NSUN2	ENCSR174OYC	83454	2906	1062	47	0.345895393269	84156.2747103	0.0
K562_SRSF7	ENCSR129RWD	81960	2595	782	23	-0.106349300597	82952.665103	0.0
K562_AARS	ENCSR572FFX	77276	2500	812	26	-0.0148757804594	78108.8027257	0.0
K562_NELFE	ENCSR129RWD	81538	2551	785	27	0.136676424532	82472.8432895	0.0
K562_DDX21	ENCSR129RWD	82799	2601	502	25	0.664787675197	84349.2838555	0.0
HepG2_EIF4G2	ENCSR042QTH	88260	2991	879	41	0.460892581219	89420.3161662	0.0
HepG2_SNRNP200	ENCSR104ABF	81109	2651	1371	53	0.242161030818	80936.2338595	0.0
HepG2_XRCC5	ENCSR491FOC	86135	2715	768	26	0.103052694131	87269.0966565	0.0
K562_DGCR8	ENCSR619GAS	86005	3028	543	22	0.202606655392	87906.5881189	0.0
