mut	control	eql_notG4	eql_G4	diff_notG4	diff_G4	logOR	chisq	p
HepG2_SRFBP1	ENCSR997HCQ	90758	2854	2279	177	1.30438791812	88768.2045878	0.0
HepG2_SDAD1	ENCSR521WAI	82867	2400	723	25	0.255695735701	83777.5684645	0.0
K562_RBM25	ENCSR344XID	74400	1842	1084	32	0.253808613438	74026.3496809	0.0
HepG2_HNRNPAB	ENCSR279HMU	84722	2590	710	28	0.367392351526	85842.2527511	0.0
K562_TRA2A	ENCSR129RWD	81181	2412	712	26	0.297546586308	82123.5248792	0.0
HepG2_EXOSC5	ENCSR521WAI	82438	2402	595	22	0.343687208859	83610.4959382	0.0
K562_HNRNPL	ENCSR031RRO	82688	2625	1367	50	0.204347309422	82502.5516578	0.0
K562_SUPV3L1	ENCSR661HEL	78432	2355	1377	42	0.0226480030105	77973.9244959	0.0
HepG2_SMNDC1	ENCSR491FOC	87564	2710	814	33	0.389482237994	88587.968836	0.0
K562_FASTKD2	ENCSR084SCN	79144	2162	609	21	0.336060558782	80050.8901321	0.0
K562_GEMIN5	ENCSR661HEL	79609	2388	789	27	0.190062810769	80373.1250078	0.0
HepG2_KHSRP	ENCSR237YZT	89058	2891	1050	41	0.266483091282	89779.9610326	0.0
K562_RTF1	ENCSR815CVQ	82165	2611	740	24	0.029430654323	83254.8852434	0.0
K562_EIF3D	ENCSR661HEL	78909	2342	1178	65	0.894620865074	78784.3898911	0.0
HepG2_ABCF1	ENCSR067GHD	88265	2896	1096	45	0.323528980669	88893.3084399	0.0
HepG2_CEBPZ	ENCSR067GHD	87198	2875	704	17	-0.44930759327	88636.7843218	0.0
K562_EIF4A3	ENCSR913CAE	78393	2526	3730	71	-0.759414503344	73496.4719506	0.0
HepG2_HSPD1	ENCSR246RRQ	89245	2907	938	34	0.154187095774	90218.2564092	0.0
K562_HNRNPK	ENCSR129RWD	79434	2226	1471	41	-0.00779837056041	78663.995907	0.0
HepG2_ESF1	ENCSR067GHD	87627	2872	907	23	-0.370148971152	88648.5722689	0.0
HepG2_PUM1	ENCSR042QTH	89345	2773	1159	53	0.55912307628	89710.0477464	0.0
HepG2_SRSF9	ENCSR603TCV	87199	2726	1212	79	1.06006088769	87362.1353163	0.0
K562_SART3	ENCSR419JMU	81577	2555	1135	42	0.240608097218	81794.4819331	0.0
HepG2_CELF1	ENCSR042QTH	88024	2732	995	42	0.443632250997	88693.8928975	0.0
HepG2_DDX3X	ENCSR237YZT	88830	2858	1196	60	0.640858091101	89193.3624703	0.0
K562_CPEB4	ENCSR031RRO	84403	2711	817	31	0.240401302603	85426.2628381	0.0
HepG2_FTO	ENCSR264TUE	83374	2603	1514	47	-0.00821030265795	82883.3415716	0.0
HepG2_DDX1	ENCSR305XWT	85338	2478	573	21	0.33586630105	86632.0253612	0.0
K562_GLRX3	ENCSR174OYC	82699	2682	812	27	0.0360403269924	83711.2446292	0.0
K562_FAM120A	ENCSR661HEL	78570	2292	599	14	-0.319757659529	79640.652156	0.0
K562_SLTM	ENCSR084SCN	78399	2113	621	27	0.689908624058	79221.2639601	0.0
K562_DROSHA	ENCSR164MUK	83753	2668	1302	40	-0.0522753417529	83757.8402169	0.0
K562_NUSAP1	ENCSR572FFX	78549	2498	602	23	0.264689806059	79801.825501	0.0
HepG2_HNRNPUL1	ENCSR104ABF	81396	2415	1113	42	0.346942349908	81516.949475	0.0
HepG2_ADAR	ENCSR305XWT	84540	2469	644	22	0.226150111298	85682.1018269	0.0
K562_BCLAF1	ENCSR245BNJ	81001	2470	875	31	0.216413875682	81668.8411126	0.0
HepG2_BOP1	ENCSR264TUE	82779	2632	1481	43	-0.131057744372	82390.1990949	0.0
HepG2_RBM22	ENCSR997HCQ	90456	2922	1459	70	0.570706966609	90345.209712	0.0
HepG2_EIF3G	ENCSR003EKR	86979	2677	654	30	0.575721848211	88293.2536601	0.0
K562_PUF60	ENCSR620PUP	87139	2806	2626	92	0.121642398192	84591.1528995	0.0
HepG2_SF1	ENCSR104ABF	82084	2460	1585	57	0.262993704469	81291.9262699	0.0
K562_FXR2	ENCSR081EST	72117	1632	441	14	0.488346497327	72841.8168408	0.0
K562_TAF15	ENCSR942UNX	75089	1936	522	20	0.571472819333	75944.8354254	0.0
HepG2_RCC2	ENCSR674KEK	87902	2713	1050	40	0.303689520422	88448.1321298	0.0
HepG2_SRSF5	ENCSR042QTH	91185	2863	546	27	0.655327305299	92905.5239815	0.0
K562_NFX1	ENCSR815CVQ	81712	2592	620	27	0.457173437717	83014.9855774	0.0
HepG2_AARS	ENCSR856ZRV	88271	2773	496	19	0.286151223313	90016.9172374	0.0
HepG2_EXOSC9	ENCSR003EKR	86620	2679	692	20	-0.0977664466368	87880.6776401	0.0
K562_QKI	ENCSR344XID	77261	1985	625	25	0.63867324844	77951.3707758	0.0
K562_SUGP2	ENCSR164MUK	82089	2543	1734	51	-0.0748772958724	81099.650809	0.0
HepG2_EIF3D	ENCSR689PHN	84795	2637	697	27	0.316882377694	85990.005668	0.0
K562_RAVER1	ENCSR344XID	73319	1645	884	32	0.690125060587	73143.2807938	0.0
HepG2_DAZAP1	ENCSR042QTH	90977	2864	542	18	0.0771744243885	92724.3421204	0.0
HepG2_HNRNPM	ENCSR067GHD	86209	2817	1016	33	-0.00868354537514	86940.3604589	0.0
K562_CCAR2	ENCSR620PUP	89152	2903	750	29	0.247884895719	90503.5991493	0.0
HepG2_EEF2	ENCSR689PHN	85250	2707	1156	38	0.0499348724142	85585.2089274	0.0
HepG2_BCCIP	ENCSR856ZRV	87054	2748	726	35	0.610913958741	88286.5003656	0.0
K562_MATR3	ENCSR129RWD	81238	2404	898	26	-0.0314859954295	81804.2076364	0.0
HepG2_HNRNPF	ENCSR105NML	91435	2944	499	25	0.637857121801	93333.9355532	0.0
K562_EIF3A	ENCSR667PLJ	74475	2363	1420	60	0.413280065267	73906.5983444	0.0
HepG2_TARDBP	ENCSR264TUE	84696	2715	1194	35	-0.129034371511	84970.2835858	0.0
K562_SSB	ENCSR084SCN	78544	2120	738	23	0.207449851912	79149.1837817	0.0
HepG2_NUSAP1	ENCSR674KEK	88220	2741	697	35	0.69259969823	89502.953707	0.0
K562_ATP5C1	ENCSR143COQ	84476	2732	1172	50	0.399611470267	84781.1751307	0.0
HepG2_SRSF5	ENCSR491FOC	89665	2795	406	16	0.33828884544	91617.929946	0.0
K562_MBNL1	ENCSR143COQ	85460	2796	1346	54	0.294237858746	85478.2424972	0.0
K562_NONO	ENCSR661HEL	79153	2379	790	37	0.639961377076	79886.4601814	0.0
HepG2_CIRBP	ENCSR237YZT	87135	2743	990	47	0.592729939991	87816.053386	0.0
K562_MAGOH	ENCSR129RWD	80553	2382	1612	35	-0.445660010308	79673.7730847	0.0
HepG2_BUD13	ENCSR067GHD	87607	2879	681	26	0.216335185186	89077.5284561	0.0
K562_AGO2	ENCSR898NWE	76092	1979	1073	34	0.284929745673	75872.714883	0.0
K562_NCBP2	ENCSR913CAE	81003	2537	860	33	0.292981185412	81763.5597732	0.0
K562_SBDS	ENCSR419JMU	81760	2575	1050	30	-0.140532158078	82188.8341036	0.0
HepG2_TAF15	ENCSR603TCV	87450	2633	1219	54	0.557084049194	87555.0996032	0.0
K562_SMN1	ENCSR419JMU	81253	2555	1021	36	0.165183735074	81707.3368101	0.0
HepG2_SRSF4	ENCSR853AOV	87061	2842	914	25	-0.255146033673	88034.8154405	0.0
HepG2_SRSF7	ENCSR603TCV	89636	2893	820	30	0.180850537846	90836.8125461	0.0
K562_METAP2	ENCSR424QCW	76841	2332	1076	26	-0.328786043872	76984.3570446	0.0
HepG2_SUB1	ENCSR491FOC	85922	2514	674	34	0.785829080417	87025.7468993	0.0
K562_PAPOLA	ENCSR942UNX	73048	1889	728	27	0.520243028776	73434.6412027	0.0
K562_TBRG4	ENCSR344XID	75682	1791	626	23	0.634656081052	76180.4732944	0.0
K562_SAFB	ENCSR341TTW	78293	2448	1127	34	-0.0516010968825	78435.694988	0.0
HepG2_PABPC1	ENCSR279HMU	84429	2590	1101	52	0.622555588091	84728.4016532	0.0
HepG2_FUBP3	ENCSR376RJN	84632	2743	931	34	0.17220221681	85455.6629644	0.0
HepG2_ATP5C1	ENCSR067GHD	88373	2913	775	26	0.0254152715485	89691.0285395	0.0
K562_TRIM56	ENCSR572FFX	78208	2454	980	45	0.549324193483	78625.105257	0.0
HepG2_PUS1	ENCSR538QOG	89773	2938	870	33	0.212897834907	90913.8019258	0.0
HepG2_NONO	ENCSR856ZRV	87817	2746	895	47	0.747941698958	88688.9259683	0.0
K562_TARDBP	ENCSR129RWD	82384	2430	916	36	0.41405716965	82920.7180294	0.0
HepG2_PPIG	ENCSR246RRQ	89191	2907	810	35	0.406800081987	90415.77752	0.0
HepG2_EIF4G1	ENCSR042QTH	88603	2704	820	28	0.162063313492	89618.8788487	0.0
HepG2_SND1	ENCSR491FOC	87786	2720	684	37	0.803913173084	89069.8328147	0.0
HepG2_FIP1L1	ENCSR067GHD	87798	2898	1206	47	0.239633235944	88207.3279575	0.0
HepG2_XPO5	ENCSR279HMU	84635	2606	955	47	0.676577339302	85248.6236385	0.0
K562_SDAD1	ENCSR341TTW	79893	2472	776	21	-0.193276963955	80778.7156792	0.0
K562_RECQL	ENCSR942UNX	76533	2109	421	17	0.551237370591	77768.4529086	0.0
K562_PA2G4	ENCSR661HEL	79501	2366	683	23	0.178271216367	80461.0912965	0.0
HepG2_PA2G4	ENCSR689PHN	81023	2571	1030	31	-0.076302322973	81485.4675974	0.0
HepG2_DDX59	ENCSR264TUE	85598	2691	1202	51	0.432566953574	85800.845501	0.0
K562_RPS3	ENCSR772DUM	76654	2284	1814	48	-0.171269718289	75257.9366664	0.0
HepG2_HLTF	ENCSR491FOC	86087	2364	701	28	0.540577740075	86999.0398318	0.0
K562_UBE2L3	ENCSR620PUP	89815	2896	934	38	0.335471675737	90777.2114284	0.0
HepG2_DROSHA	ENCSR481WJH	72170	1979	977	32	0.256340985297	72144.7435519	0.0
K562_DDX51	ENCSR661HEL	79823	2381	670	29	0.537128684958	80811.9769054	0.0
HepG2_HNRNPF	ENCSR305XWT	87190	2568	630	38	1.03416506632	88427.1144328	0.0
HepG2_SF3B1	ENCSR264TUE	83579	2539	2145	129	0.985273520248	81631.6041677	0.0
HepG2_RPLP0	ENCSR674KEK	88839	2746	690	24	0.170299572001	90162.5688925	0.0
K562_CELF1	ENCSR620PUP	89395	2891	707	22	-0.0555811585897	90833.758881	0.0
HepG2_GRSF1	ENCSR279HMU	85801	2603	835	31	0.291311168425	86680.4952602	0.0
K562_HNRNPF	ENCSR572FFX	81095	2535	500	30	0.940661624866	82573.4378337	0.0
K562_TAF15	ENCSR344XID	77233	1903	455	16	0.51314720998	78196.8150496	0.0
K562_DDX21	ENCSR163JUC	85343	2745	471	15	-0.0142978829144	87118.681372	0.0
K562_ZC3H8	ENCSR718EWL	86629	2816	1040	40	0.242691106436	87298.0536082	0.0
K562_SUPT6H	ENCSR164MUK	81952	2578	1778	48	-0.220622118873	80917.4685403	0.0
K562_AUH	ENCSR718EWL	87412	2846	591	11	-0.806758920689	89058.0383173	0.0
K562_DDX52	ENCSR661HEL	79686	2388	578	20	0.207453950662	80882.3600098	0.0
HepG2_LSM11	ENCSR674KEK	87932	2651	766	30	0.377469721367	88998.0123326	0.0
HepG2_PCBP2	ENCSR491FOC	86962	2615	1166	57	0.701040210022	87147.8763565	0.0
K562_GRWD1	ENCSR572FFX	78311	2449	560	16	-0.130332725214	79612.1090784	0.0
HepG2_XRN2	ENCSR856ZRV	85652	2714	828	32	0.286507350698	86654.3815993	0.0
K562_SYNCRIP	ENCSR341TTW	79044	2416	1216	27	-0.461076415098	78993.008484	0.0
HepG2_SUGP2	ENCSR246RRQ	89122	2896	819	33	0.310322578958	90321.9023594	0.0
K562_CKAP4	ENCSR324WIS	83414	2596	924	46	0.67774016856	84081.0505043	0.0
K562_AKAP8	ENCSR143COQ	84454	2788	1105	37	0.0204860001301	84972.9489036	0.0
K562_DDX19B	ENCSR143COQ	86505	2824	771	30	0.253275075088	87734.19045	0.0
HepG2_ZRANB2	ENCSR491FOC	87128	2686	786	37	0.610673080348	88175.600351	0.0
HepG2_PHF6	ENCSR674KEK	87500	2663	658	25	0.320071099323	88802.1828577	0.0
HepG2_PNPT1	ENCSR279HMU	84974	2597	767	25	0.0928769819336	85994.163827	0.0
K562_ASCC1	ENCSR913CAE	80661	2556	581	15	-0.295592207433	82029.2729626	0.0
K562_EIF2S1	ENCSR913CAE	81958	2628	667	26	0.281744365246	83205.6854858	0.0
K562_FMR1	ENCSR424QCW	77162	2310	1186	20	-0.828034418615	77078.4022885	0.0
K562_LARP7	ENCSR572FFX	78611	2377	753	38	0.738938852622	79413.820334	0.0
HepG2_NKRF	ENCSR246RRQ	88835	2900	860	24	-0.226226959875	89975.5241681	0.0
K562_HNRNPU	ENCSR438MDN	84184	2727	801	34	0.389963864391	85249.0453217	0.0
HepG2_MAGOH	ENCSR237YZT	87506	2826	2324	62	-0.275649472589	85623.0814342	0.0
HepG2_MATR3	ENCSR237YZT	88154	2830	1664	71	0.410459476712	87547.1910323	0.0
K562_DDX55	ENCSR572FFX	76226	2299	836	27	0.0987331708209	76808.4858295	0.0
C4-2B_ZFX	ENCSR142YZV	95022	3154	397	21	0.672329232958	97341.7984804	0.0
HepG2_SUPT6H	ENCSR067GHD	86721	2845	874	39	0.443793584557	87749.3430538	0.0
K562_RBFOX2	ENCSR667PLJ	76459	2496	732	21	-0.186385923394	77456.1846739	0.0
HepG2_PCBP1	ENCSR603TCV	88162	2754	1500	122	1.38054704015	87702.9257022	0.0
K562_RCC2	ENCSR572FFX	76722	2412	865	28	0.0421371164085	77358.0774593	0.0
K562_EXOSC9	ENCSR815CVQ	83025	2676	787	25	-0.0209678390968	84084.6935877	0.0
HepG2_SLBP	ENCSR042QTH	88639	2772	990	51	0.72008306982	89340.9955213	0.0
K562_MAK16	ENCSR143COQ	84693	2785	1256	33	-0.323733128576	84919.017545	0.0
HepG2_SBDS	ENCSR279HMU	85785	2622	841	31	0.270220135722	86671.6113238	0.0
K562_UTP18	ENCSR143COQ	83281	2740	2314	55	-0.46907384192	81348.3995442	0.0
K562_CPSF7	ENCSR667PLJ	76600	2469	666	28	0.383322205543	77687.1080858	0.0
K562_SND1	ENCSR084SCN	76800	1941	597	23	0.608209122574	77505.9132821	0.0
HepG2_DDX21	ENCSR003EKR	88113	2757	479	22	0.553733487372	89870.7794935	0.0
HepG2_HNRNPA1	ENCSR305XWT	83878	2465	1009	35	0.239205468124	84267.6345978	0.0
HepG2_FAM120A	ENCSR689PHN	84760	2690	804	30	0.233544414245	85789.9610001	0.0
HepG2_PUM2	ENCSR042QTH	89922	2817	1168	60	0.713508691518	90299.4491481	0.0
K562_DNAJC2	ENCSR667PLJ	76894	2458	765	26	0.088437989551	77777.8858222	0.0
K562_SRSF9	ENCSR341TTW	82069	2607	793	27	0.100085332828	83043.9420743	0.0
K562_WDR3	ENCSR174OYC	83016	2704	945	32	0.0560518437035	83777.1359619	0.0
K562_APOBEC3C	ENCSR620PUP	85916	2750	1029	37	0.167849402171	86546.8219604	0.0
K562_HNRNPA0	ENCSR419JMU	80325	2490	1092	35	0.0481573043158	80576.3374581	0.0
HepG2_RAVER1	ENCSR491FOC	84003	2349	1855	106	1.03103921639	82475.7464324	0.0
HepG2_DDX6	ENCSR237YZT	87334	2852	1356	56	0.338710990853	87384.1536475	0.0
HepG2_KIF1C	ENCSR538QOG	89691	2955	654	30	0.477476960466	91283.0733413	0.0
HepG2_DDX47	ENCSR968BBQ	88439	2961	733	25	0.0267131183764	89890.2863269	0.0
HepG2_HNRNPU	ENCSR305XWT	85100	2526	1636	55	0.179635268256	84276.6487324	0.0
HepG2_GEMIN5	ENCSR689PHN	84064	2669	1060	39	0.212670564403	84548.9358832	0.0
K562_NUFIP2	ENCSR174OYC	83288	2699	658	26	0.28610771189	84624.4488591	0.0
HepG2_PRPF6	ENCSR491FOC	87765	2636	730	27	0.300358291816	88893.3484519	0.0
K562_PUM1	ENCSR620PUP	88400	2830	1105	44	0.314773375805	88946.4965989	0.0
HepG2_RBM34	ENCSR491FOC	87069	2586	611	17	-0.0942007549534	88403.399401	0.0
K562_NOL12	ENCSR620PUP	87931	2839	1007	28	-0.215575924156	88711.8084801	0.0
HepG2_FMR1	ENCSR042QTH	88887	2795	707	34	0.61294868411	90206.0370165	0.0
K562_SF1	ENCSR898NWE	79213	2107	795	23	0.121225903494	79692.2298719	0.0
K562_DDX3X	ENCSR913CAE	80843	2591	698	24	0.101421213511	81996.2488533	0.0
K562_HNRNPC	ENCSR572FFX	79350	2436	1420	75	0.782787660807	78823.7205815	0.0
K562_FTO	ENCSR424QCW	76468	2299	1030	25	-0.308794662191	76671.1456346	0.0
MCF-7_ZFX	ENCSR783OQM	96431	3266	286	10	0.0459570711742	99105.8788519	0.0
HepG2_APOBEC3C	ENCSR279HMU	86317	2648	854	36	0.458502438515	87193.9387002	0.0
HepG2_SUPV3L1	ENCSR856ZRV	87054	2719	1065	55	0.725484530997	87547.1415234	0.0
K562_ABCF1	ENCSR032YMP	82339	2559	957	27	-0.139563737453	82941.4077834	0.0
HepG2_CNOT7	ENCSR279HMU	84873	2576	1222	39	0.0724748236757	84945.1847854	0.0
HepG2_STAU1	ENCSR067GHD	87297	2878	782	31	0.265965091742	88556.33901	0.0
HepG2_TRA2A	ENCSR491FOC	87733	2690	695	27	0.341459858523	88984.7766287	0.0
HepG2_PES1	ENCSR538QOG	89770	2982	683	22	-0.0444289173355	91347.3587982	0.0
K562_RPS19	ENCSR661HEL	78184	2307	1481	71	0.700174681842	77417.2389234	0.0
HepG2_RECQL	ENCSR603TCV	89218	2877	922	40	0.428002835846	90181.0843018	0.0
HepG2_NELFE	ENCSR603TCV	89032	2867	1124	33	-0.133322045893	89599.5699734	0.0
HepG2_SF3B4	ENCSR603TCV	88314	2826	1764	72	0.351098944713	87505.0688538	0.0
HepG2_EIF4A3	ENCSR237YZT	87890	2824	1720	64	0.211694183592	87181.1106821	0.0
K562_RRP9	ENCSR661HEL	78854	2340	753	22	-0.022470930984	79651.3974557	0.0
HepG2_HDGF	ENCSR538QOG	90003	2974	667	36	0.70787858823	91576.3788231	0.0
K562_PTBP1	ENCSR129RWD	82810	2438	631	28	0.59189369174	83935.1297021	0.0
K562_AGGF1	ENCSR143COQ	80935	2687	2531	49	-0.77808644947	78542.0430149	0.0
K562_SRSF4	ENCSR772DUM	77357	2297	1182	39	0.15209698326	77230.7228995	0.0
HepG2_RBM15	ENCSR585KOJ	89514	2934	886	41	0.497561677635	90603.3424712	0.0
HepG2_UPF2	ENCSR856ZRV	84846	2677	483	14	-0.122366854256	86531.8227743	0.0
K562_PSIP1	ENCSR572FFX	77676	2466	1040	31	-0.0909472977876	78014.3142068	0.0
K562_FKBP4	ENCSR572FFX	75973	2212	891	26	0.00322159702981	76361.7551207	0.0
HepG2_CKAP4	ENCSR538QOG	89074	2910	1369	68	0.604469433606	89132.6294979	0.0
K562_EIF4B	ENCSR913CAE	80270	2581	652	19	-0.141941789727	81514.4357945	0.0
K562_TFIP11	ENCSR661HEL	78517	2353	762	28	0.294139559842	79297.728329	0.0
HepG2_DDX27	ENCSR856ZRV	87861	2717	364	8	-0.492658191149	89835.5315737	0.0
HepG2_NAA15	ENCSR067GHD	86603	2807	818	27	0.0262465022332	87727.9860453	0.0
HepG2_FKBP4	ENCSR856ZRV	87261	2693	518	24	0.586205084994	88873.2888469	0.0
HepG2_LARP7	ENCSR674KEK	87939	2725	792	31	0.337014682315	89025.485605	0.0
HepG2_AGGF1	ENCSR853AOV	84988	2637	811	25	-0.00941223847971	85960.9759984	0.0
HepG2_SFPQ	ENCSR104ABF	81716	2456	1333	55	0.45713476846	81418.9763664	0.0
K562_CPSF6	ENCSR424QCW	77488	2343	1159	28	-0.32376588021	77474.669956	0.0
K562_HNRNPF	ENCSR163JUC	84564	2733	469	20	0.399970237303	86321.747478	0.0
HepG2_RBM14	ENCSR521WAI	81997	2379	816	42	0.827036031171	82668.8619802	0.0
HepG2_TRIM56	ENCSR305XWT	85363	2524	1048	58	0.904385057331	85689.199082	0.0
HepG2_CSTF2	ENCSR856ZRV	83216	2519	431	24	0.879356357494	84827.4609372	0.0
HepG2_NPM1	ENCSR104ABF	82192	2451	1234	40	0.120357005218	82114.17961	0.0
K562_LSM11	ENCSR572FFX	78555	2469	716	21	-0.0997939905704	79556.7046921	0.0
HepG2_GPKOW	ENCSR264TUE	85631	2726	1352	47	0.126985121517	85581.156633	0.0
HepG2_U2AF1	ENCSR067GHD	84502	2715	3742	125	0.0561518258979	79654.461959	0.0
K562_FIP1L1	ENCSR032YMP	79603	2461	947	34	0.215748465546	80113.7357479	0.0
HepG2_PTBP1	ENCSR603TCV	88467	2840	1448	60	0.368221274474	88315.9680137	0.0
K562_EFTUD2	ENCSR661HEL	78113	2311	1741	78	0.598675235976	76827.4364236	0.0
HepG2_SRSF3	ENCSR264TUE	85401	2661	1735	74	0.452945965822	84481.3059965	0.0
HepG2_DNAJC21	ENCSR305XWT	84467	2524	799	29	0.280533298751	85342.8911943	0.0
HepG2_HNRNPD	ENCSR279HMU	85353	2597	759	26	0.171007585802	86387.009694	0.0
HepG2_PSIP1	ENCSR674KEK	88968	2758	752	38	0.704930820792	90152.8798307	0.0
K562_HNRNPU	ENCSR898NWE	78767	2075	1300	71	1.05185929884	78123.8850833	0.0
HepG2_GTF2F1	ENCSR491FOC	87767	2678	640	26	0.412962352301	89117.9193293	0.0
K562_ILF2	ENCSR419JMU	80739	2467	1221	47	0.333177464242	80689.3603621	0.0
K562_FXR1	ENCSR913CAE	79025	2419	1719	65	0.30484043925	77915.139326	0.0
HepG2_SNRNP70	ENCSR264TUE	84854	2630	1796	78	0.486678549207	83776.3270257	0.0
K562_SERBP1	ENCSR661HEL	77473	2264	859	28	0.157588344114	77972.8706531	0.0
HepG2_KHDRBS1	ENCSR279HMU	86007	2648	911	44	0.64960343128	86755.3805766	0.0
K562_PPIG	ENCSR032YMP	81119	2544	951	29	-0.0404512439384	81714.4796467	0.0
HepG2_DDX5	ENCSR776SXA	86860	2797	808	29	0.156509306241	87990.8169584	0.0
HepG2_TUFM	ENCSR042QTH	88882	2767	1048	57	0.804963743813	89452.5310735	0.0
K562_SF3A3	ENCSR174OYC	82873	2679	1464	56	0.242790746116	82539.033002	0.0
HepG2_G3BP1	ENCSR237YZT	88711	2901	1186	38	-0.0294699746146	89180.3536961	0.0
K562_SRSF5	ENCSR129RWD	80958	2407	747	25	0.170757359953	81828.1522333	0.0
K562_CNOT8	ENCSR898NWE	76236	1973	1027	27	0.0226765996437	76115.2045398	0.0
K562_SF3B1	ENCSR424QCW	75317	2224	1777	52	-0.0130414048817	73926.1416741	0.0
K562_AATF	ENCSR815CVQ	82213	2630	645	22	0.0925081030125	83514.2443615	0.0
K562_SMNDC1	ENCSR815CVQ	81658	2626	907	22	-0.406871710296	82436.2586329	0.0
HepG2_FASTKD2	ENCSR003EKR	86589	2641	698	22	0.0473759468657	87795.8098909	0.0
HepG2_NSUN2	ENCSR264TUE	82427	2582	1210	39	0.0411669686626	82529.3514619	0.0
K562_TROVE2	ENCSR092WKG	85425	2815	817	32	0.249259247091	86550.1775086	0.0
HepG2_ACO1	ENCSR538QOG	89212	2905	911	39	0.394722687944	90226.8263756	0.0
K562_SNRNP200	ENCSR164MUK	78792	2460	2297	52	-0.463776488169	76622.0629523	0.0
HepG2_DDX55	ENCSR856ZRV	87710	2741	947	50	0.756602677747	88468.1367823	0.0
HepG2_PPIL4	ENCSR305XWT	84484	2494	833	42	0.772289509637	85236.9205568	0.0
HepG2_PABPC4	ENCSR237YZT	88228	2831	1149	58	0.653670839651	88661.1517877	0.0
K562_EWSR1	ENCSR913CAE	79867	2546	786	22	-0.187658684428	80804.9254121	0.0
HepG2_ILF3	ENCSR279HMU	86144	2645	978	41	0.449272037275	86762.7388541	0.0
K562_PUS1	ENCSR143COQ	79131	2580	3980	83	-0.644713265776	73787.8496043	0.0
K562_G3BP2	ENCSR344XID	68140	1100	1088	31	0.819659987708	67020.24587	0.0
HepG2_HNRNPL	ENCSR042QTH	87442	2731	1263	48	0.283148756864	87570.0862421	0.0
HepG2_CCAR1	ENCSR135LXL	90612	2967	1221	46	0.202339762193	91062.1661978	0.0
HepG2_TBRG4	ENCSR246RRQ	88046	2860	1235	40	-0.00419682094202	88373.8824876	0.0
K562_SRFBP1	ENCSR572FFX	75589	2385	862	32	0.234571072796	76196.2594047	0.0
HepG2_CPSF7	ENCSR067GHD	87890	2901	807	33	0.309046082335	89118.7852069	0.0
HepG2_CPSF6	ENCSR264TUE	84276	2675	1277	31	-0.386835454937	84354.7091147	0.0
K562_ILF3	ENCSR667PLJ	76431	2435	638	23	0.178313571133	77549.5428886	0.0
HepG2_EIF2S1	ENCSR237YZT	86744	2848	1252	55	0.420083786473	86997.1326091	0.0
HepG2_SART3	ENCSR279HMU	85696	2619	819	40	0.67634835422	86605.438135	0.0
HepG2_G3BP2	ENCSR237YZT	88934	2865	1025	34	0.0421826782163	89693.2170263	0.0
K562_DNAJC21	ENCSR667PLJ	76823	2495	780	21	-0.270586308274	77724.0962568	0.0
HepG2_TROVE2	ENCSR689PHN	83667	2651	747	22	-0.10548268335	84786.8519763	0.0
HepG2_MSI2	ENCSR067GHD	87490	2867	990	32	-0.0197803965687	88324.5595909	0.0
HepG2_PKM	ENCSR689PHN	83901	2641	851	43	0.682781232373	84763.331727	0.0
HepG2_AGO1	ENCSR003EKR	86410	2606	660	23	0.208529034112	87655.2440763	0.0
HepG2_AUH	ENCSR997HCQ	92650	3063	893	38	0.364184852525	93860.078546	0.0
K562_IGF2BP1	ENCSR163JUC	85390	2757	491	19	0.261244252777	87129.9542326	0.0
K562_TARDBP	ENCSR372DZW	85619	2646	554	21	0.29462127546	87118.7513383	0.0
K562_HNRNPM	ENCSR032YMP	75740	2249	1215	38	0.0748867699444	75503.132755	0.0
HepG2_HNRNPA2B1	ENCSR042QTH	88155	2657	769	28	0.272687400203	89225.0032654	0.0
K562_PKM	ENCSR438MDN	83871	2722	760	28	0.182932399296	85024.1747901	0.0
K562_DKC1	ENCSR143COQ	84519	2729	1009	27	-0.27099155877	85188.3127182	0.0
HepG2_ETF1	ENCSR997HCQ	93125	3085	1105	38	0.0539229851396	93937.5797492	0.0
HepG2_ILF2	ENCSR305XWT	85871	2526	892	32	0.286344548438	86558.6711897	0.0
K562_EEF2	ENCSR661HEL	79222	2365	814	33	0.441498169693	79901.824253	0.0
K562_RPS3A	ENCSR419JMU	80438	2436	1077	37	0.181942003835	80660.982149	0.0
K562_SUB1	ENCSR815CVQ	82073	2642	606	19	-0.0380411528863	83469.6111433	0.0
K562_XPO5	ENCSR164MUK	80968	2479	1350	58	0.48875896844	80654.8658912	0.0
K562_G3BP1	ENCSR129RWD	80197	2347	765	19	-0.236729901588	80983.4511562	0.0
K562_SAFB2	ENCSR154OBA	82268	2652	718	21	-0.140343920728	83448.4326872	0.0
HepG2_MARK2	ENCSR674KEK	86497	2635	728	25	0.172836778816	87632.3643868	0.0
K562_SSRP1	ENCSR032YMP	82111	2509	956	31	0.0857206321355	82657.5135152	0.0
HepG2_HNRNPK	ENCSR237YZT	87227	2793	1933	97	0.648174213138	86006.20516	0.0
K562_KIF1C	ENCSR143COQ	84250	2751	1895	59	-0.0686904421689	83136.8888002	0.0
K562_KRR1	ENCSR424QCW	74678	2155	1162	39	0.21793138136	74449.786681	0.0
K562_EIF3H	ENCSR226KWO	83277	2561	933	32	0.157405668519	83918.852778	0.0
HepG2_SF3A3	ENCSR691IVR	86513	2793	2782	81	-0.14902724271	83671.8099079	0.0
HepG2_UCHL5	ENCSR856ZRV	79236	2523	827	37	0.490653786815	80040.1741517	0.0
K562_PARN	ENCSR667PLJ	75778	2472	706	20	-0.203567863273	76804.7393942	0.0
K562_SRPK2	ENCSR174OYC	83727	2708	905	41	0.486171311849	84553.4028427	0.0
K562_XRCC6	ENCSR815CVQ	80609	2522	1293	43	0.0880589388526	80480.4733758	0.0
K562_IGF2BP1	ENCSR129RWD	82838	2452	534	20	0.339494001317	84185.6054654	0.0
HepG2_AKAP1	ENCSR237YZT	88099	2797	1448	59	0.359970646752	87907.0439552	0.0
K562_PABPC4	ENCSR344XID	76327	1953	746	28	0.552752735399	76739.6926413	0.0
K562_DDX6	ENCSR913CAE	81044	2601	650	18	-0.212803829451	82314.337785	0.0
K562_WDR43	ENCSR174OYC	82895	2641	980	50	0.679347129075	83488.5323521	0.0
K562_BUD13	ENCSR032YMP	79743	2459	975	25	-0.266187977129	80214.1752774	0.0
HepG2_UTP18	ENCSR691IVR	89944	2933	748	32	0.39168360904	91323.5697123	0.0
K562_KHDRBS1	ENCSR667PLJ	76483	2476	744	27	0.164784584671	77424.5317995	0.0
HepG2_HNRNPC	ENCSR305XWT	84682	2498	1822	62	0.206099027514	83452.7405977	0.0
K562_TRIP6	ENCSR032YMP	82035	2554	928	23	-0.329009906404	82697.7048892	0.0
K562_FXR2	ENCSR828YEB	65393	1636	1111	34	0.290711297027	64758.5820316	0.0
HepG2_CCAR2	ENCSR674KEK	87129	2615	618	32	0.786807105612	88448.7750185	0.0
K562_PTBP1	ENCSR163JUC	84835	2721	689	24	0.119053060219	86135.8075023	0.0
HepG2_IGF2BP2	ENCSR237YZT	87663	2839	1191	47	0.285144451203	88042.9591593	0.0
HepG2_NUP35	ENCSR960MSV	86844	2859	689	29	0.354464474783	88272.7605238	0.0
K562_HNRNPAB	ENCSR419JMU	81199	2528	1091	29	-0.228060799703	81501.9914876	0.0
K562_PHF6	ENCSR572FFX	78724	2429	831	29	0.17764545976	79442.1181577	0.0
K562_SF1	ENCSR164MUK	81828	2480	1236	64	0.772719537082	81728.3212126	0.0
HepG2_RBM25	ENCSR603TCV	87509	2788	1552	76	0.620143605741	87070.5969506	0.0
K562_CSTF2	ENCSR245BNJ	78667	2424	885	26	-0.0687969638978	79279.2350857	0.0
HepG2_DDX19B	ENCSR538QOG	89204	2907	884	49	0.766312711677	90254.586262	0.0
HepG2_AKAP8L	ENCSR538QOG	90045	2983	847	28	-0.00305295137439	91286.2300502	0.0
K562_UCHL5	ENCSR661HEL	79386	2368	923	40	0.538884876623	79839.4071523	0.0
HepG2_GRWD1	ENCSR674KEK	87148	2535	609	30	0.760002081012	88409.6107899	0.0
K562_UPF2	ENCSR438MDN	83797	2711	619	14	-0.516439100239	85246.6447887	0.0
K562_RBM34	ENCSR129RWD	81395	2413	617	14	-0.38573140362	82550.758283	0.0
K562_RPS10	ENCSR084SCN	78453	2155	555	23	0.593286836514	79456.1717117	0.0
HepG2_NOL12	ENCSR042QTH	89218	2851	978	35	0.163387225182	90054.1504252	0.0
K562_EIF4G2	ENCSR620PUP	87641	2832	1007	40	0.297792902186	88391.1354582	0.0
HepG2_RPS19	ENCSR689PHN	83814	2663	1290	52	0.343351281001	83813.8700744	0.0
K562_SLBP	ENCSR667PLJ	77037	2492	794	27	0.07206785392	77895.4760843	0.0
HepG2_SRP68	ENCSR856ZRV	87969	2744	496	17	0.135909356336	89689.9019422	0.0
K562_UTP3	ENCSR024FOF	83362	2634	939	47	0.663670144123	84035.415662	0.0
HepG2_TFIP11	ENCSR856ZRV	85523	2667	749	37	0.66365418838	86625.0729615	0.0
HepG2_RPS10	ENCSR491FOC	86630	2623	841	21	-0.278067562904	87537.3325169	0.0
K562_MTPAP	ENCSR174OYC	83135	2694	916	37	0.31788380398	83933.6008589	0.0
K562_DGCR8	ENCSR395HQT	83379	2753	488	10	-0.68820168833	85138.8924868	0.0
K562_PRPF8	ENCSR661HEL	76195	2202	2300	91	0.453186449936	73688.1877999	0.0
K562_LIN28B	ENCSR572FFX	78979	2470	498	18	0.208809223547	80420.2712999	0.0
K562_CIRBP	ENCSR129RWD	81780	2400	605	20	0.171778514643	82934.6423942	0.0
HepG2_FUS	ENCSR491FOC	88110	2689	949	22	-0.396668552323	88867.4013182	0.0
K562_CSTF2T	ENCSR815CVQ	82292	2640	626	25	0.315979694305	83634.9987606	0.0
K562_ESF1	ENCSR032YMP	81095	2489	820	33	0.390888850682	81886.7290351	0.0
K562_DDX47	ENCSR031RRO	84530	2682	673	27	0.338507115114	85817.6300163	0.0
K562_PNPT1	ENCSR620PUP	88540	2875	895	33	0.183345759473	89568.4258235	0.0
HepG2_METAP2	ENCSR689PHN	84893	2684	1211	31	-0.304597817205	85110.632982	0.0
K562_CCDC124	ENCSR143COQ	86485	2844	840	21	-0.395471532233	87615.3137035	0.0
HepG2_EIF2S2	ENCSR067GHD	87478	2878	831	22	-0.313491308741	88658.0622829	0.0
K562_DDX24	ENCSR913CAE	81267	2563	659	33	0.667023718256	82451.7687715	0.0
K562_U2AF2	ENCSR344XID	70482	1494	2732	63	0.12154096478	66494.553508	0.0
HepG2_CSTF2T	ENCSR003EKR	86154	2532	613	15	-0.264284197806	87434.4504592	0.0
K562_PCBP3	ENCSR341TTW	81881	2587	1276	49	0.281473993096	81838.8127639	0.0
K562_SFPQ	ENCSR164MUK	81476	2642	1365	48	0.116950047283	81315.7404573	0.0
K562_TRNAU1AP	ENCSR341TTW	80618	2540	918	38	0.393778760661	81257.0218022	0.0
HepG2_RBM39	ENCSR104ABF	80578	2394	1336	58	0.547167642532	80207.5563375	0.0
HepG2_AATF	ENCSR003EKR	85764	2507	583	22	0.368417838259	87065.1561325	0.0
K562_SRSF7	ENCSR163JUC	84460	2699	780	35	0.489724068417	85536.6572817	0.0
K562_PPP1R8	ENCSR164MUK	81810	2634	1874	53	-0.187034832829	80633.9936605	0.0
HepG2_RBM27	ENCSR674KEK	88657	2739	1017	45	0.518262506333	89284.4055063	0.0
HepG2_SMN1	ENCSR305XWT	86159	2554	880	31	0.249007672122	86900.3643063	0.0
K562_LARP4	ENCSR164MUK	83070	2639	1119	37	0.0577233433017	83412.5923216	0.0
HepG2_DDX52	ENCSR689PHN	85425	2715	733	27	0.212852353542	86626.5581074	0.0
K562_GPKOW	ENCSR424QCW	76943	2335	1062	25	-0.366416234808	77118.9258415	0.0
HepG2_FASTKD1	ENCSR279HMU	85013	2525	671	24	0.2681217234	86153.5242618	0.0
K562_SRP68	ENCSR661HEL	79433	2384	823	33	0.417927849593	80113.9838433	0.0
HepG2_TIAL1	ENCSR305XWT	84084	2491	1444	64	0.581179348487	83585.4425689	0.0
K562_SRSF1	ENCSR129RWD	78735	2308	2426	82	0.205478138671	76104.6637862	0.0
K562_TIA1	ENCSR129RWD	81261	2431	800	23	-0.0573529136757	82054.0934627	0.0
HepG2_RPS5	ENCSR674KEK	88683	2750	810	38	0.597303466952	89744.9233521	0.0
K562_PTBP1	ENCSR898NWE	80290	2143	615	17	0.050536799308	81173.8455938	0.0
HepG2_DNAJC2	ENCSR305XWT	84669	2516	802	32	0.425171596143	85525.0036835	0.0
K562_U2AF1	ENCSR344XID	71151	1589	2488	58	0.0619032286173	67737.1171531	0.0
HepG2_DKC1	ENCSR538QOG	88590	2908	1006	36	0.12455509446	89425.8694847	0.0
K562_BOP1	ENCSR424QCW	76560	2276	1111	27	-0.290737232159	76576.4425689	0.0
HepG2_SLTM	ENCSR491FOC	87314	2650	716	30	0.465223548891	88478.2110293	0.0
HepG2_CDC40	ENCSR481WJH	75854	2144	876	23	-0.106376654507	76210.363222	0.0
HepG2_EIF4B	ENCSR237YZT	88253	2830	1295	43	0.0502997349661	88426.6558271	0.0
K562_AGO1	ENCSR084SCN	78590	2133	612	24	0.530964539057	79456.0358394	0.0
K562_EIF2S2	ENCSR118EFE	82962	2571	803	34	0.450255822678	83867.221972	0.0
HepG2_EFTUD2	ENCSR689PHN	85007	2682	971	37	0.272326384393	85684.6017736	0.0
K562_ZNF800	ENCSR341TTW	81701	2587	848	35	0.382364339955	82531.2751763	0.0
K562_PPIL4	ENCSR419JMU	80159	2499	1104	24	-0.520120251866	80417.4354723	0.0
HepG2_RPLP0	ENCSR105NML	92154	2937	573	20	0.131168383619	93908.699023	0.0
K562_RBM17	ENCSR118EFE	83559	2587	952	42	0.510942927259	84169.5281472	0.0
HepG2_RPL23A	ENCSR674KEK	88350	2734	637	28	0.506350346522	89758.8795041	0.0
HepG2_XRCC6	ENCSR491FOC	87736	2687	957	33	0.171119711895	88453.8439758	0.0
HepG2_STIP1	ENCSR279HMU	84357	2604	823	29	0.190938810365	85265.3522806	0.0
HepG2_QKI	ENCSR603TCV	89110	2861	1276	45	0.135436421088	89347.979324	0.0
HepG2_BCLAF1	ENCSR856ZRV	87473	2735	755	31	0.393088511821	88642.8679534	0.0
HepG2_SAFB2	ENCSR305XWT	84251	2493	912	43	0.672113762765	84844.6138919	0.0
K562_PABPC1	ENCSR419JMU	81773	2548	1178	35	-0.0686534202169	81912.4507226	0.0
HepG2_TIA1	ENCSR603TCV	87934	2802	926	37	0.326477217996	88820.2399386	0.0
HepG2_U2AF2	ENCSR104ABF	81348	2415	2477	79	0.103414377379	78729.0074961	0.0
K562_CNOT7	ENCSR419JMU	81745	2539	1458	57	0.331913199423	81281.2844575	0.0
HepG2_SERBP1	ENCSR689PHN	84593	2646	1058	54	0.706416909797	85029.3343886	0.0
K562_XRN2	ENCSR661HEL	79506	2375	917	40	0.546214491669	79978.2501061	0.0
K562_PUM2	ENCSR620PUP	89177	2917	906	38	0.358674648869	90215.6995998	0.0
HepG2_RBFOX2	ENCSR104ABF	82170	2493	1096	35	0.0739079128068	82416.1100445	0.0
K562_XRCC5	ENCSR815CVQ	82403	2628	752	36	0.585995830749	83462.3558135	0.0
K562_STAU1	ENCSR032YMP	81583	2527	1024	29	-0.129248014851	82017.1856795	0.0
K562_HNRNPA1	ENCSR438MDN	83269	2686	892	34	0.240811229801	84112.9857245	0.0
HepG2_LIN28B	ENCSR674KEK	88148	2712	792	44	0.852573751416	89195.8298964	0.0
K562_STIP1	ENCSR419JMU	81290	2562	1015	28	-0.192173582686	81778.979464	0.0
K562_DDX27	ENCSR245BNJ	79817	2407	601	25	0.464023016903	80976.7850236	0.0
HepG2_RRP9	ENCSR856ZRV	84731	2551	1158	64	0.87633555389	84855.431777	0.0
K562_PES1	ENCSR661HEL	79121	2375	705	26	0.297021512545	80040.5664657	0.0
K562_SF3B4	ENCSR344XID	73870	1914	2941	59	-0.369122176811	69902.9092823	0.0
K562_HNRNPUL1	ENCSR164MUK	82831	2666	1403	47	0.0577116786027	82621.5927405	0.0
K562_RBM3	ENCSR936VPP	82684	2261	520	12	-0.244830025867	83884.3339707	0.0
K562_NAA15	ENCSR143COQ	78444	2452	2261	62	-0.188916747497	76316.7367504	0.0
K562_PCBP2	ENCSR129RWD	78628	2254	2207	79	0.320393571404	76374.7168764	0.0
K562_HNRNPH1	ENCSR341TTW	81614	2589	917	31	0.0917681686149	82317.6744303	0.0
K562_RECQL	ENCSR344XID	78176	2019	454	23	0.972026421702	79243.8985745	0.0
K562_AKAP1	ENCSR913CAE	80681	2572	681	17	-0.352781729007	81862.8604459	0.0
HepG2_UTP3	ENCSR691IVR	87678	2789	1171	45	0.272722786083	88051.3655772	0.0
HepG2_DDX21	ENCSR105NML	91727	2934	519	21	0.339132374392	93584.0868576	0.0
HepG2_SSRP1	ENCSR246RRQ	89321	2899	807	41	0.64649930588	90531.8709625	0.0
K562_DHX30	ENCSR667PLJ	76424	2497	750	25	0.0288674477356	77378.6105537	0.0
K562_WRN	ENCSR718EWL	87159	2833	656	18	-0.244379865906	88649.0517337	0.0
K562_HNRNPC	ENCSR771ZZL	73076	1664	1081	45	0.870372616562	72505.2079838	0.0
HepG2_DDX28	ENCSR856ZRV	86848	2695	560	22	0.340284049471	88382.7904982	0.0
HepG2_FXR1	ENCSR237YZT	88713	2876	1052	31	-0.137712727295	89435.8092498	0.0
HepG2_DAZAP1	ENCSR003EKR	88084	2757	421	17	0.367495230624	89967.1170056	0.0
K562_YBX3	ENCSR667PLJ	76999	2464	597	26	0.444618145117	78221.9030991	0.0
K562_EIF3G	ENCSR084SCN	77953	2169	1017	41	0.534950628355	78020.0431218	0.0
K562_FXR2	ENCSR913CAE	82411	2620	340	9	-0.264267734232	84334.4336414	0.0
HepG2_DHX30	ENCSR305XWT	83777	2425	785	23	0.0175106830219	84593.5736834	0.0
K562_CEBPZ	ENCSR163JUC	85469	2759	501	10	-0.693554817376	87208.972994	0.0
K562_FUBP3	ENCSR913CAE	80407	2529	771	22	-0.140473269678	81357.5842811	0.0
K562_BCCIP	ENCSR245BNJ	81327	2466	670	29	0.513453401502	82400.8607302	0.0
K562_GTF2F1	ENCSR815CVQ	82005	2595	614	26	0.420250305334	83324.8577328	0.0
HepG2_RTF1	ENCSR491FOC	87404	2563	642	23	0.288926390641	88641.9220182	0.0
HepG2_NCBP2	ENCSR237YZT	8078	243	122	5	0.446160684422	8068.94541594	0.0
HepG2_DDX24	ENCSR003EKR	86210	2580	682	37	0.858237691465	87357.9258643	0.0
K562_DDX47	ENCSR898NWE	80102	2123	503	27	1.01813490053	81168.5019673	0.0
HepG2_CALR	ENCSR364GRM	84601	2581	789	28	0.218146101877	85555.6620755	0.0
K562_AQR	ENCSR718EWL	80212	2602	5126	118	-0.494849495971	72658.9316303	0.0
K562_UPF1	ENCSR174OYC	84007	2739	935	36	0.23989082298	84814.8797387	0.0
K562_IGF2BP3	ENCSR129RWD	81949	2422	479	15	0.0834643243683	83385.8927007	0.0
K562_CELF1	ENCSR081EST	72006	1610	1055	42	0.832274671864	71438.5530446	0.0
K562_DDX28	ENCSR661HEL	79773	2377	593	32	0.856798431011	80904.8389157	0.0
K562_HSPD1	ENCSR032YMP	82132	2549	1060	29	-0.181926403161	82517.0103502	0.0
HepG2_U2AF2	ENCSR491FOC	86039	2604	2691	100	0.296118917457	83149.0053453	0.0
HepG2_RBM47	ENCSR279HMU	85968	2612	737	32	0.515052132066	87048.7103063	0.0
HepG2_LARP4	ENCSR135LXL	90563	2950	1213	53	0.423691509693	90998.1991144	0.0
K562_EIF4G1	ENCSR667PLJ	76964	2478	645	28	0.431135260465	78101.7218335	0.0
K562_AGO3	ENCSR898NWE	76941	1965	757	23	0.250563828898	77353.7171128	0.0
HepG2_RBM5	ENCSR481WJH	59173	1494	795	16	-0.327124063564	59055.8523214	0.0
HepG2_SSB	ENCSR997HCQ	89826	2906	1193	45	0.221501251864	90272.5413446	0.0
K562_IGF2BP2	ENCSR129RWD	81041	2417	909	34	0.326688955128	81582.674118	0.0
K562_PRPF6	ENCSR815CVQ	81882	2572	755	28	0.239605881251	82895.2663634	0.0
HepG2_RPS2	ENCSR674KEK	88396	2715	983	54	0.838796880502	89049.0053988	0.0
HepG2_UPF1	ENCSR691IVR	89080	2932	898	37	0.324026280429	90151.5194987	0.0
HepG2_HNRNPA0	ENCSR279HMU	84730	2582	776	33	0.480793240477	85701.5287648	0.0
K562_PABPN1	ENCSR164MUK	78181	2514	2384	52	-0.559967319178	75896.771705	0.0
HepG2_ZC3H8	ENCSR584UYK	86631	2735	1023	49	0.601390046958	87234.9581855	0.0
HepG2_PRPF8	ENCSR856ZRV	85653	2631	993	31	0.023367026892	86247.8773965	0.0
HepG2_SRSF7	ENCSR105NML	91141	2936	868	25	-0.161518716051	92299.4794506	0.0
K562_SUCLG1	ENCSR620PUP	87328	2841	787	31	0.275950047964	88540.4307058	0.0
HepG2_IGF2BP1	ENCSR105NML	91097	2893	501	22	0.46753014114	92946.9226161	0.0
HepG2_RBM17	ENCSR104ABF	82067	2455	1564	54	0.20686999103	81316.9938653	0.0
K562_DGCR8	ENCSR599PZD	84900	2806	367	8	-0.600458613135	86957.6092511	0.0
HepG2_YBX3	ENCSR305XWT	84809	2509	654	21	0.118203594304	85973.2190527	0.0
K562_GRSF1	ENCSR118EFE	83531	2609	1061	35	0.0788169362812	83961.9462139	0.0
HepG2_NUFIP2	ENCSR104ABF	82438	2474	1325	52	0.387055172949	82180.3892744	0.0
K562_DDX1	ENCSR667PLJ	76726	2481	646	23	0.138893505044	77874.6522633	0.0
K562_FUS	ENCSR084SCN	77001	2053	646	16	-0.106318705268	77735.5443135	0.0
HepG2_SUCLG1	ENCSR042QTH	90534	2853	1038	49	0.58302716111	91225.7425578	0.0
HepG2_RPS3A	ENCSR279HMU	85469	2604	1314	65	0.699218141825	85336.8239336	0.0
HepG2_PRPF4	ENCSR584UYK	86546	2726	1015	39	0.286747881904	87176.4617457	0.0
K562_HLTF	ENCSR815CVQ	81378	2611	750	21	-0.196464901156	82454.0810884	0.0
HepG2_ZNF622	ENCSR691IVR	88087	2862	1240	46	0.191271093552	88395.1948133	0.0
HepG2_SRSF1	ENCSR603TCV	86445	2664	2360	82	0.173097393293	84291.95343	0.0
HepG2_UBE2L3	ENCSR042QTH	89595	2808	1251	64	0.70693730758	89791.9261932	0.0
K562_MSI2	ENCSR620PUP	88298	2857	992	33	0.040005627964	89116.5259742	0.0
K562_EXOSC5	ENCSR341TTW	81220	2605	791	30	0.241836460782	82191.0490231	0.0
K562_AKAP8L	ENCSR143COQ	82465	2726	2054	64	-0.0852959965231	81007.6626479	0.0
HepG2_HNRNPLL	ENCSR264TUE	84092	2659	1330	42	-0.00188023211662	84028.698702	0.0
K562_POLR2G	ENCSR942UNX	76788	2134	525	22	0.592506797042	77831.8162322	0.0
K562_ZRANB2	ENCSR815CVQ	81512	2593	724	24	0.0594349673967	82615.652797	0.0
HepG2_NOLC1	ENCSR521WAI	82614	2404	827	35	0.54041698212	83302.7881763	0.0
HepG2_NIP7	ENCSR674KEK	87012	2679	790	35	0.525022067246	88048.6298341	0.0
HepG2_MTPAP	ENCSR264TUE	85793	2722	1119	41	0.207678652218	86210.2127024	0.0
HepG2_ASCC1	ENCSR237YZT	88016	2869	988	36	0.160703704734	88848.5422543	0.0
K562_PCBP1	ENCSR129RWD	80938	2332	868	63	1.33290619747	81419.0106286	0.0
HepG2_PARN	ENCSR305XWT	85550	2502	796	33	0.503383658913	86401.841634	0.0
HepG2_PUF60	ENCSR042QTH	86894	2796	3090	77	-0.368784285027	83468.0026846	0.0
K562_IGF2BP3	ENCSR771ZZL	73297	1682	661	25	0.72085426853	73613.3325485	0.0
K562_POLR2G	ENCSR341TTW	82067	2544	542	27	0.684370100901	83476.8661196	0.0
K562_ADAR	ENCSR667PLJ	76111	2498	730	22	-0.123061441796	77112.1953711	0.0
K562_NPM1	ENCSR164MUK	83079	2658	1082	30	-0.206523346997	83527.4302963	0.0
K562_YTHDC2	ENCSR164MUK	81182	2520	1831	45	-0.336898735593	79992.1004229	0.0
HepG2_EWSR1	ENCSR538QOG	88840	2865	1402	80	0.823259809667	88765.3590708	0.0
HepG2_IGF2BP3	ENCSR237YZT	87653	2800	1455	51	0.133926641213	87466.0812679	0.0
HepG2_EIF3H	ENCSR853AOV	87393	2827	845	28	0.034721330047	88482.4476026	0.0
HepG2_GNB2L1	ENCSR674KEK	88367	2723	832	42	0.712116523583	89350.4813274	0.0
K562_RBM39	ENCSR164MUK	80622	2563	2841	75	-0.268096236687	77455.3073305	0.0
HepG2_KRR1	ENCSR246RRQ	89191	2922	1023	24	-0.481757872878	90030.930697	0.0
K562_KHSRP	ENCSR129RWD	81417	2391	796	23	-0.0234186366683	82178.0036014	0.0
K562_CCAR1	ENCSR667PLJ	74928	2456	949	34	0.128321041558	75430.4902361	0.0
K562_RBM22	ENCSR129RWD	80556	2382	950	23	-0.288475017229	81003.4254687	0.0
HepG2_AKAP8	ENCSR246RRQ	88636	2906	856	25	-0.166824628359	89788.4818713	0.0
K562_HNRNPA2B1	ENCSR164MUK	79988	2543	2360	72	-0.0594659304356	77738.6689817	0.0
K562_DAZAP1	ENCSR815CVQ	81695	2541	859	24	-0.154772317482	82479.2588264	0.0
K562_RBM15	ENCSR143COQ	80707	2660	2560	70	-0.269449419872	78190.0444793	0.0
K562_TUFM	ENCSR620PUP	82980	2628	826	32	0.290728505017	83900.6118239	0.0
K562_TIAL1	ENCSR572FFX	77513	2420	858	30	0.163416096047	78166.8691981	0.0
HepG2_IGF2BP1	ENCSR491FOC	89267	2758	453	15	0.0999559356269	91091.3804035	0.0
K562_NSUN2	ENCSR174OYC	83629	2731	1067	42	0.269475054677	84156.2594843	0.0
K562_SRSF7	ENCSR129RWD	82115	2440	780	25	0.109218607234	82952.6652689	0.0
K562_AARS	ENCSR572FFX	77432	2344	817	21	-0.23598941407	78108.8084649	0.0
K562_NELFE	ENCSR129RWD	81676	2413	790	22	-0.0852648316871	82472.8417477	0.0
K562_DDX21	ENCSR129RWD	82950	2450	507	20	0.417474484725	84349.262108	0.0
HepG2_EIF4G2	ENCSR042QTH	88479	2772	888	32	0.201920051219	89420.2816248	0.0
HepG2_SNRNP200	ENCSR104ABF	81318	2442	1374	50	0.277129528341	80936.239718	0.0
HepG2_XRCC5	ENCSR491FOC	86364	2486	773	21	-0.0834753184628	87269.0961211	0.0
K562_DGCR8	ENCSR619GAS	86210	2823	541	24	0.438031908615	87906.5990156	0.0
