mut	control	eql_notG4	eql_G4	diff_notG4	diff_G4	logOR	chisq	p
HepG2_SRFBP1	ENCSR997HCQ	83723	9889	1923	533	1.23057613863	88772.8963939	0.0
HepG2_SDAD1	ENCSR521WAI	77010	8257	680	68	-0.100571908583	83777.5644247	0.0
K562_RBM25	ENCSR344XID	69742	6500	1007	109	0.215852470569	74026.3678507	0.0
HepG2_HNRNPAB	ENCSR279HMU	78282	9030	644	94	0.339554696101	85842.27649	0.0
K562_TRA2A	ENCSR129RWD	75150	8443	662	76	0.0311855915557	82123.5157072	0.0
HepG2_EXOSC5	ENCSR521WAI	76578	8262	559	58	-0.0563564614417	83610.4877237	0.0
K562_HNRNPL	ENCSR031RRO	76234	9079	1279	138	-0.142446822518	82502.555743	0.0
K562_SUPV3L1	ENCSR661HEL	72575	8212	1276	143	-0.0138741426937	77973.9245284	0.0
HepG2_SMNDC1	ENCSR491FOC	80944	9330	737	110	0.372814062498	88588.0073212	0.0
K562_FASTKD2	ENCSR084SCN	73702	7604	568	62	0.0813225230482	80050.8829351	0.0
K562_GEMIN5	ENCSR661HEL	73643	8354	725	91	0.145966805736	80373.1287357	0.0
HepG2_KHSRP	ENCSR237YZT	82005	9944	979	112	-0.0839964527905	89779.9490564	0.0
K562_RTF1	ENCSR815CVQ	75737	9039	689	75	-0.132778284865	83254.8903229	0.0
K562_EIF3D	ENCSR661HEL	73035	8216	1085	158	0.372381335405	78784.1571033	0.0
HepG2_ABCF1	ENCSR067GHD	81221	9940	1001	140	0.192591791167	88893.3085542	0.0
HepG2_CEBPZ	ENCSR067GHD	80222	9851	657	64	-0.334093714904	88636.7964765	0.0
K562_EIF4A3	ENCSR913CAE	72126	8793	3587	214	-1.03100300109	73500.5983983	0.0
HepG2_HSPD1	ENCSR246RRQ	82117	10035	881	91	-0.242563263336	90218.2771036	0.0
K562_HNRNPK	ENCSR129RWD	73796	7864	1385	127	-0.216778181642	78664.0446094	0.0
HepG2_ESF1	ENCSR067GHD	80659	9840	852	78	-0.414202102535	88648.6179579	0.0
HepG2_PUM1	ENCSR042QTH	82514	9604	1051	161	0.396301535036	89710.0858109	0.0
HepG2_SRSF9	ENCSR603TCV	80397	9528	1086	205	0.671568061882	87362.0803362	0.0
K562_SART3	ENCSR419JMU	75261	8871	1067	110	-0.193250937834	81794.4912057	0.0
HepG2_CELF1	ENCSR042QTH	81260	9496	917	120	0.16326619649	88693.8645574	0.0
HepG2_DDX3X	ENCSR237YZT	81825	9863	1101	155	0.223968910162	89193.2504269	0.0
K562_CPEB4	ENCSR031RRO	77734	9380	764	84	-0.134225477431	85426.2611281	0.0
HepG2_FTO	ENCSR264TUE	76991	8986	1426	135	-0.302003827108	82883.4400212	0.0
HepG2_DDX1	ENCSR305XWT	79132	8684	536	58	-0.0202786057115	86632.017971	0.0
K562_GLRX3	ENCSR174OYC	76099	9282	756	83	-0.151833099776	83711.2526164	0.0
K562_FAM120A	ENCSR661HEL	72843	8019	558	55	-0.159465501557	79640.6516824	0.0
K562_SLTM	ENCSR084SCN	73096	7416	575	73	0.323485724349	79221.2417428	0.0
K562_DROSHA	ENCSR164MUK	77193	9228	1220	122	-0.257547976776	83757.8944583	0.0
K562_NUSAP1	ENCSR572FFX	72411	8636	565	60	-0.16744273551	79801.8253749	0.0
HepG2_HNRNPUL1	ENCSR104ABF	75423	8388	1043	112	-0.0505627512334	81516.9187756	0.0
HepG2_ADAR	ENCSR305XWT	78411	8598	598	68	0.0524442107069	85682.0984351	0.0
K562_BCLAF1	ENCSR245BNJ	74869	8602	795	111	0.281229264769	81668.8740862	0.0
HepG2_BOP1	ENCSR264TUE	76368	9043	1381	143	-0.193531394784	82390.2346074	0.0
HepG2_RBM22	ENCSR997HCQ	83329	10049	1306	223	0.501727442818	90345.417348	0.0
HepG2_EIF3G	ENCSR003EKR	80354	9302	603	81	0.214592808659	88293.2304212	0.0
K562_PUF60	ENCSR620PUP	80159	9786	2481	237	-0.35388944815	84591.5291238	0.0
HepG2_SF1	ENCSR104ABF	75933	8611	1472	170	0.0263032947092	81291.8916444	0.0
K562_FXR2	ENCSR081EST	67979	5770	411	44	0.33488295035	72841.8204283	0.0
K562_TAF15	ENCSR942UNX	70281	6744	487	55	0.235040029068	75944.8231289	0.0
HepG2_RCC2	ENCSR674KEK	81183	9432	963	127	0.182834729222	88448.1332217	0.0
HepG2_SRSF5	ENCSR042QTH	84170	9878	492	81	0.488350741053	92905.5400973	0.0
K562_NFX1	ENCSR815CVQ	75288	9016	575	72	0.0643673700031	83014.9664479	0.0
HepG2_AARS	ENCSR856ZRV	81465	9579	463	52	-0.0661952598777	90016.9137087	0.0
HepG2_EXOSC9	ENCSR003EKR	80003	9296	653	59	-0.36292400599	87880.7043748	0.0
K562_QKI	ENCSR344XID	72240	7006	589	61	0.0947485132986	77951.3334556	0.0
K562_SUGP2	ENCSR164MUK	75761	8871	1628	157	-0.279977511021	81099.762092	0.0
HepG2_EIF3D	ENCSR689PHN	78275	9157	645	79	0.0662300735625	85989.9964705	0.0
K562_RAVER1	ENCSR344XID	69082	5882	827	89	0.33792107354	73143.2468998	0.0
HepG2_DAZAP1	ENCSR042QTH	84001	9840	495	65	0.164759380114	92724.3462995	0.0
HepG2_HNRNPM	ENCSR067GHD	79357	9669	941	108	-0.0862445174653	86940.364526	0.0
K562_CCAR2	ENCSR620PUP	81998	10057	676	103	0.313009798687	90503.6279011	0.0
HepG2_EEF2	ENCSR689PHN	78625	9332	1063	131	0.0542270195635	85585.2105661	0.0
HepG2_BCCIP	ENCSR856ZRV	80258	9544	667	94	0.24502515748	88286.4690528	0.0
K562_MATR3	ENCSR129RWD	75231	8411	849	75	-0.339824026279	81804.2499371	0.0
HepG2_HNRNPF	ENCSR105NML	84230	10149	455	69	0.331798304829	93333.9269638	0.0
K562_EIF3A	ENCSR667PLJ	68683	8155	1304	176	0.18489973845	73906.5558568	0.0
HepG2_TARDBP	ENCSR264TUE	78102	9309	1130	99	-0.444089047214	84970.4019853	0.0
K562_SSB	ENCSR084SCN	73232	7432	697	64	-0.14436305565	79149.1849652	0.0
HepG2_NUSAP1	ENCSR674KEK	81484	9477	626	106	0.541916067776	89502.9948459	0.0
K562_ATP5C1	ENCSR143COQ	77678	9530	1104	118	-0.198923470954	84781.1516906	0.0
HepG2_SRSF5	ENCSR491FOC	82862	9598	363	59	0.488722235569	91617.952902	0.0
K562_MBNL1	ENCSR143COQ	78566	9690	1273	127	-0.305995476971	85478.2908391	0.0
K562_NONO	ENCSR661HEL	73195	8337	718	109	0.414489150982	79886.4682516	0.0
HepG2_CIRBP	ENCSR237YZT	80492	9386	890	147	0.502273856186	87816.1429882	0.0
K562_MAGOH	ENCSR129RWD	74622	8313	1524	123	-0.464972771386	79673.9444683	0.0
HepG2_BUD13	ENCSR067GHD	80615	9871	627	80	0.0593866153905	89077.5249874	0.0
K562_AGO2	ENCSR898NWE	71093	6978	1011	96	-0.047782768461	75872.6979605	0.0
K562_NCBP2	ENCSR913CAE	74686	8854	803	90	-0.0809665266747	81763.5484401	0.0
K562_SBDS	ENCSR419JMU	75392	8943	986	94	-0.315274321582	82188.8832497	0.0
HepG2_TAF15	ENCSR603TCV	80904	9179	1131	142	0.146166044802	87555.0076034	0.0
K562_SMN1	ENCSR419JMU	74972	8836	953	104	-0.11100612068	81707.3380592	0.0
HepG2_SRSF4	ENCSR853AOV	80175	9728	853	86	-0.267199861843	88034.83554	0.0
HepG2_SRSF7	ENCSR603TCV	82539	9990	763	87	-0.0860763746151	90836.8109173	0.0
K562_METAP2	ENCSR424QCW	71280	7893	1003	99	-0.16589758801	76984.3552152	0.0
HepG2_SUB1	ENCSR491FOC	79708	8728	625	83	0.278328574523	87025.6899989	0.0
K562_PAPOLA	ENCSR942UNX	68398	6539	683	72	0.140995445184	73434.6129958	0.0
K562_TBRG4	ENCSR344XID	71134	6339	590	59	0.166284023312	76180.4427214	0.0
K562_SAFB	ENCSR341TTW	72312	8429	1037	124	0.0367978224129	78435.695417	0.0
HepG2_PABPC1	ENCSR279HMU	77969	9050	1004	149	0.354535900409	84728.3815694	0.0
HepG2_FUBP3	ENCSR376RJN	77880	9495	854	111	0.0923365853004	85455.6622426	0.0
HepG2_ATP5C1	ENCSR067GHD	81296	9990	725	76	-0.229281885341	89691.0437484	0.0
K562_TRIM56	ENCSR572FFX	72067	8595	931	94	-0.240279260509	78625.0551948	0.0
HepG2_PUS1	ENCSR538QOG	82604	10107	810	93	-0.0917624768376	90913.7984582	0.0
HepG2_NONO	ENCSR856ZRV	81042	9521	798	144	0.619164829153	88689.0356259	0.0
K562_TARDBP	ENCSR129RWD	76309	8505	851	101	0.0906662408156	82920.6897868	0.0
HepG2_PPIG	ENCSR246RRQ	82061	10037	752	93	0.0159385738363	90415.7529755	0.0
HepG2_EIF4G1	ENCSR042QTH	81937	9370	773	75	-0.23711179475	89618.892862	0.0
HepG2_SND1	ENCSR491FOC	81144	9362	611	110	0.641926895609	89069.893181	0.0
HepG2_FIP1L1	ENCSR067GHD	80778	9918	1111	142	0.0579453141357	88207.3134817	0.0
HepG2_XPO5	ENCSR279HMU	78163	9078	869	133	0.398109516224	85248.6099185	0.0
K562_SDAD1	ENCSR341TTW	73823	8542	717	80	-0.0524766502641	80778.7130444	0.0
K562_RECQL	ENCSR942UNX	71309	7333	400	38	-0.114319948277	77768.4406741	0.0
K562_PA2G4	ENCSR661HEL	73568	8299	640	66	-0.129465016781	80461.0925206	0.0
HepG2_PA2G4	ENCSR689PHN	74744	8850	969	92	-0.318582486612	81485.5187437	0.0
HepG2_DDX59	ENCSR264TUE	79013	9276	1118	135	0.0406264383827	85800.7839674	0.0
K562_RPS3	ENCSR772DUM	71037	7901	1714	148	-0.365234539174	75258.1281641	0.0
HepG2_HLTF	ENCSR491FOC	80134	8317	638	91	0.458661381923	86999.0752133	0.0
K562_UBE2L3	ENCSR620PUP	82645	10066	854	118	0.181987826294	90777.2079543	0.0
HepG2_DROSHA	ENCSR481WJH	67327	6822	931	78	-0.274316617038	72144.7657196	0.0
K562_DDX51	ENCSR661HEL	73835	8369	614	85	0.288473797234	80811.9692304	0.0
HepG2_HNRNPF	ENCSR305XWT	80784	8974	569	99	0.647318271148	88427.0998918	0.0
HepG2_SF3B1	ENCSR264TUE	77329	8789	1917	357	0.712384266929	81632.0237464	0.0
HepG2_RPLP0	ENCSR674KEK	82092	9493	633	81	0.146093961045	90162.5721158	0.0
K562_CELF1	ENCSR620PUP	82295	9991	640	89	0.195909125698	90833.7700296	0.0
HepG2_GRSF1	ENCSR279HMU	79306	9098	775	91	0.0335508193489	86680.4837128	0.0
K562_HNRNPF	ENCSR572FFX	74797	8833	452	78	0.547228246694	82573.4202272	0.0
K562_TAF15	ENCSR344XID	72449	6687	424	47	0.264203151353	78196.811757	0.0
K562_DDX21	ENCSR163JUC	78536	9552	445	41	-0.400630142501	87118.6974392	0.0
K562_ZC3H8	ENCSR718EWL	79727	9718	956	124	0.0896665486472	87298.0455371	0.0
K562_SUPT6H	ENCSR164MUK	75561	8969	1694	132	-0.607201290728	80917.9204313	0.0
K562_AUH	ENCSR718EWL	80410	9848	556	46	-0.565906853674	89058.0593629	0.0
K562_DDX52	ENCSR661HEL	73731	8343	529	69	0.205033718256	80882.3660901	0.0
HepG2_LSM11	ENCSR674KEK	81382	9201	719	77	-0.0782142564431	88997.9966634	0.0
HepG2_PCBP2	ENCSR491FOC	80493	9084	1067	156	0.37352147291	87147.8229464	0.0
K562_GRWD1	ENCSR572FFX	72281	8479	518	58	-0.0671768574218	79612.1089791	0.0
HepG2_XRN2	ENCSR856ZRV	78997	9369	754	106	0.245330632464	86654.3959526	0.0
K562_SYNCRIP	ENCSR341TTW	73123	8337	1121	122	-0.0671082048969	78992.9705987	0.0
HepG2_SUGP2	ENCSR246RRQ	82024	9994	759	93	0.00811471266299	90321.8887417	0.0
K562_CKAP4	ENCSR324WIS	76969	9041	867	103	0.0163355884557	84080.9395588	0.0
K562_AKAP8	ENCSR143COQ	77625	9617	1038	104	-0.306288470927	84973.004791	0.0
K562_DDX19B	ENCSR143COQ	79554	9775	715	86	-0.0307688129584	87734.1827623	0.0
HepG2_ZRANB2	ENCSR491FOC	80559	9255	730	93	0.149147037036	88175.5495494	0.0
HepG2_PHF6	ENCSR674KEK	80901	9262	610	73	0.0639209998866	88802.1748104	0.0
HepG2_PNPT1	ENCSR279HMU	78559	9012	705	87	0.105321395168	85994.1666537	0.0
K562_ASCC1	ENCSR913CAE	74291	8926	531	65	0.0269014962545	82029.2686951	0.0
K562_EIF2S1	ENCSR913CAE	75435	9151	616	77	0.0432327426547	83205.6781453	0.0
K562_FMR1	ENCSR424QCW	71627	7845	1104	102	-0.245440949127	77078.3423482	0.0
K562_LARP7	ENCSR572FFX	72718	8270	690	101	0.364112217482	79413.7807043	0.0
HepG2_NKRF	ENCSR246RRQ	81756	9979	807	77	-0.355280864794	89975.5599117	0.0
K562_HNRNPU	ENCSR438MDN	77441	9470	732	103	0.202461940428	85249.0394001	0.0
HepG2_MAGOH	ENCSR237YZT	80600	9732	2204	182	-0.548142255008	85623.6718055	0.0
HepG2_MATR3	ENCSR237YZT	81199	9785	1527	208	0.1767735755	87547.1376895	0.0
K562_DDX55	ENCSR572FFX	70564	7961	778	85	-0.0463246324315	76808.485351	0.0
C4-2B_ZFX	ENCSR142YZV	87427	10749	366	52	0.208616325196	97341.7837623	0.0
HepG2_SUPT6H	ENCSR067GHD	79803	9763	796	117	0.264786645018	87749.3418821	0.0
K562_RBFOX2	ENCSR667PLJ	70341	8614	682	71	-0.234270193087	77456.1976268	0.0
HepG2_PCBP1	ENCSR603TCV	81272	9644	1328	294	0.899687755015	87702.6624447	0.0
K562_RCC2	ENCSR572FFX	70786	8348	825	68	-0.516825920075	77358.1691539	0.0
K562_EXOSC9	ENCSR815CVQ	76434	9267	745	67	-0.430967169189	84084.7459006	0.0
HepG2_SLBP	ENCSR042QTH	81843	9568	901	140	0.410469455312	89340.9674984	0.0
K562_MAK16	ENCSR143COQ	77833	9645	1186	103	-0.512858945227	84919.1719228	0.0
HepG2_SBDS	ENCSR279HMU	79267	9140	780	92	0.0326859479905	86671.6013646	0.0
K562_UTP18	ENCSR143COQ	76490	9531	2209	160	-0.782677956462	81349.480991	0.0
K562_CPSF7	ENCSR667PLJ	70549	8520	607	87	0.24709108745	77687.1109773	0.0
K562_SND1	ENCSR084SCN	71854	6887	563	57	0.0790197914408	77505.8830507	0.0
HepG2_DDX21	ENCSR003EKR	81344	9526	445	56	0.103786877845	89870.7636186	0.0
HepG2_HNRNPA1	ENCSR305XWT	77756	8587	939	105	0.0179920774527	84267.6235055	0.0
HepG2_FAM120A	ENCSR689PHN	78149	9301	735	99	0.178525851381	85789.9665141	0.0
HepG2_PUM2	ENCSR042QTH	82928	9811	1079	149	0.223076572033	90299.3020468	0.0
K562_DNAJC2	ENCSR667PLJ	70884	8468	715	76	-0.168505074886	77777.8942326	0.0
K562_SRSF9	ENCSR341TTW	75699	8977	733	87	0.00124304957744	83043.9408575	0.0
K562_WDR3	ENCSR174OYC	76376	9344	892	85	-0.360501778681	83777.1909463	0.0
K562_APOBEC3C	ENCSR620PUP	79139	9527	956	110	-0.0652121529296	86546.8185652	0.0
K562_HNRNPA0	ENCSR419JMU	74213	8602	1020	107	-0.143958558864	80576.3500767	0.0
HepG2_RAVER1	ENCSR491FOC	78168	8184	1636	325	0.924038950346	82477.1465835	0.0
HepG2_DDX6	ENCSR237YZT	80310	9876	1265	147	-0.0816684266388	87384.1136324	0.0
HepG2_KIF1C	ENCSR538QOG	82432	10214	602	82	0.136588862261	91283.0547116	0.0
HepG2_DDX47	ENCSR968BBQ	81242	10158	677	81	-0.0635526436962	89890.2874226	0.0
HepG2_HNRNPU	ENCSR305XWT	78798	8828	1545	146	-0.24556608605	84276.7075542	0.0
HepG2_GEMIN5	ENCSR689PHN	77539	9194	972	127	0.140029741051	84548.938926	0.0
K562_NUFIP2	ENCSR174OYC	76667	9320	614	70	-0.0926079605081	84624.4430688	0.0
HepG2_PRPF6	ENCSR491FOC	81264	9137	680	77	0.0102195232479	88893.3389966	0.0
K562_PUM1	ENCSR620PUP	81404	9826	1031	118	-0.0767620253529	88946.4749041	0.0
HepG2_RBM34	ENCSR491FOC	80684	8971	559	69	0.150761876027	88403.4036093	0.0
K562_NOL12	ENCSR620PUP	80976	9794	936	99	-0.193483821204	88711.8199204	0.0
HepG2_FMR1	ENCSR042QTH	82043	9639	643	98	0.375459776789	90206.0357873	0.0
K562_SF1	ENCSR898NWE	73956	7364	733	85	0.219827213144	79692.2461063	0.0
K562_DDX3X	ENCSR913CAE	74427	9007	661	61	-0.391061605458	81996.2835868	0.0
K562_HNRNPC	ENCSR572FFX	73287	8499	1286	209	0.486876506083	78823.7055671	0.0
K562_FTO	ENCSR424QCW	70962	7805	968	87	-0.291343607471	76671.1743513	0.0
MCF-7_ZFX	ENCSR783OQM	88508	11189	267	29	-0.21898817753	99105.8806157	0.0
HepG2_APOBEC3C	ENCSR279HMU	79735	9230	787	103	0.177091288748	87193.9172476	0.0
HepG2_SUPV3L1	ENCSR856ZRV	80345	9428	964	156	0.463697464367	87547.1475676	0.0
K562_ABCF1	ENCSR032YMP	76098	8800	882	102	7.36050121786e-05	82941.404933	0.0
HepG2_CNOT7	ENCSR279HMU	78473	8976	1119	142	0.149804572537	84945.2030187	0.0
HepG2_STAU1	ENCSR067GHD	80306	9869	717	96	0.123665160942	88556.3354595	0.0
HepG2_TRA2A	ENCSR491FOC	81144	9279	641	81	0.14411263907	88984.7706835	0.0
HepG2_PES1	ENCSR538QOG	82498	10254	626	79	0.0219342429059	91347.3587678	0.0
K562_RPS19	ENCSR661HEL	72381	8110	1350	202	0.417305011064	77417.2105791	0.0
HepG2_RECQL	ENCSR603TCV	82193	9902	854	108	0.0700189195639	90181.0511569	0.0
HepG2_NELFE	ENCSR603TCV	82037	9862	1031	126	0.023773883242	89599.566908	0.0
HepG2_SF3B4	ENCSR603TCV	81353	9787	1631	205	0.0631959762318	87504.9929522	0.0
HepG2_EIF4A3	ENCSR237YZT	81035	9679	1599	185	-0.045957509034	87181.0878167	0.0
K562_RRP9	ENCSR661HEL	73017	8177	700	75	-0.0638035718504	79651.3986711	0.0
HepG2_HDGF	ENCSR538QOG	82714	10263	618	85	0.148606935927	91576.3213897	0.0
K562_PTBP1	ENCSR129RWD	76688	8560	595	64	-0.0534277148649	83935.0949375	0.0
K562_AGGF1	ENCSR143COQ	74317	9305	2420	160	-0.921249027933	78543.5541747	0.0
K562_SRSF4	ENCSR772DUM	71683	7971	1111	110	-0.167485004743	77230.7371621	0.0
HepG2_RBM15	ENCSR585KOJ	82335	10113	834	93	-0.139449955459	90603.3031134	0.0
HepG2_UPF2	ENCSR856ZRV	78279	9244	456	41	-0.393301848549	86531.8381923	0.0
K562_PSIP1	ENCSR572FFX	71557	8585	985	86	-0.458512294765	78014.420274	0.0
K562_FKBP4	ENCSR572FFX	70453	7732	835	82	-0.160332785329	76361.7659465	0.0
HepG2_CKAP4	ENCSR538QOG	81911	10073	1258	179	0.210463358556	89132.5014104	0.0
K562_EIF4B	ENCSR913CAE	73857	8994	618	53	-0.505842699606	81514.4834473	0.0
K562_TFIP11	ENCSR661HEL	72649	8221	705	85	0.0914686297266	79297.7203037	0.0
HepG2_DDX27	ENCSR856ZRV	81169	9409	337	35	-0.158506229405	89835.5293617	0.0
HepG2_NAA15	ENCSR067GHD	79741	9669	758	87	-0.0792274388432	87727.9881885	0.0
HepG2_FKBP4	ENCSR856ZRV	80618	9336	476	66	0.259801882634	88873.2770699	0.0
HepG2_LARP7	ENCSR674KEK	81235	9429	732	91	0.0990195686842	89025.4742226	0.0
HepG2_AGGF1	ENCSR853AOV	78541	9084	762	74	-0.252147466214	85960.9956957	0.0
HepG2_SFPQ	ENCSR104ABF	75567	8605	1254	134	-0.0917231905963	81418.8962535	0.0
K562_CPSF6	ENCSR424QCW	71868	7963	1094	93	-0.382272636267	77474.7394016	0.0
K562_HNRNPF	ENCSR163JUC	77835	9462	432	57	0.118204482637	86321.7410609	0.0
HepG2_RBM14	ENCSR521WAI	76159	8217	754	104	0.354349868567	82668.7811519	0.0
HepG2_TRIM56	ENCSR305XWT	79023	8864	963	143	0.404722179732	85689.0424035	0.0
HepG2_CSTF2	ENCSR856ZRV	77017	8718	391	64	0.532083021627	84827.4548618	0.0
HepG2_NPM1	ENCSR104ABF	76109	8534	1158	116	-0.162665493909	82114.1957456	0.0
K562_LSM11	ENCSR572FFX	72448	8576	669	68	-0.219830507017	79556.7168652	0.0
HepG2_GPKOW	ENCSR264TUE	78929	9428	1238	161	0.12265308615	85581.1673722	0.0
HepG2_U2AF1	ENCSR067GHD	77859	9358	3462	405	-0.0390202301874	79654.4655944	0.0
K562_FIP1L1	ENCSR032YMP	73549	8515	885	96	-0.0939438530792	80113.7313484	0.0
HepG2_PTBP1	ENCSR603TCV	81494	9813	1352	156	-0.0615495379183	88315.9098968	0.0
K562_EFTUD2	ENCSR661HEL	72267	8157	1609	210	0.209523355086	76827.2302332	0.0
HepG2_SRSF3	ENCSR264TUE	78865	9197	1625	184	-0.042512112813	84481.1640508	0.0
HepG2_DNAJC21	ENCSR305XWT	78204	8787	747	81	-0.0513146281676	85342.8819712	0.0
HepG2_HNRNPD	ENCSR279HMU	78901	9049	700	85	0.0823931348527	86387.008745	0.0
HepG2_PSIP1	ENCSR674KEK	82164	9562	707	83	0.0125951340031	90152.8040084	0.0
K562_HNRNPU	ENCSR898NWE	73499	7343	1160	211	0.864473214918	78124.3707853	0.0
HepG2_GTF2F1	ENCSR491FOC	81234	9211	586	80	0.267825228232	89117.9220662	0.0
K562_ILF2	ENCSR419JMU	74663	8543	1137	131	0.00998525322403	80689.3234999	0.0
K562_FXR1	ENCSR913CAE	72983	8461	1601	183	-0.0203973891521	77915.078564	0.0
HepG2_SNRNP70	ENCSR264TUE	78426	9058	1648	226	0.247746010539	83776.2689205	0.0
K562_SERBP1	ENCSR661HEL	71798	7939	797	90	0.0303316379259	77972.8674481	0.0
HepG2_KHDRBS1	ENCSR279HMU	79412	9243	846	109	0.146594413892	86755.2980985	0.0
K562_PPIG	ENCSR032YMP	74928	8735	880	100	-0.036878188855	81714.4800749	0.0
HepG2_DDX5	ENCSR776SXA	80061	9596	748	89	-0.0105664558794	87990.8139194	0.0
HepG2_TUFM	ENCSR042QTH	82014	9635	969	136	0.256623616695	89452.3684571	0.0
K562_SF3A3	ENCSR174OYC	76270	9282	1369	151	-0.141893894796	82539.0291903	0.0
HepG2_G3BP1	ENCSR237YZT	81662	9950	1107	117	-0.205178316645	89180.3821344	0.0
K562_SRSF5	ENCSR129RWD	74965	8400	686	86	0.161955936306	81828.158019	0.0
K562_CNOT8	ENCSR898NWE	71227	6982	955	99	0.0807116620508	76115.2082368	0.0
K562_SF3B1	ENCSR424QCW	69989	7552	1668	161	-0.16078917012	73926.1846397	0.0
K562_AATF	ENCSR815CVQ	75749	9094	596	71	-0.0111814671718	83514.2437036	0.0
K562_SMNDC1	ENCSR815CVQ	75214	9070	858	71	-0.543259950114	82436.343381	0.0
HepG2_FASTKD2	ENCSR003EKR	80050	9180	649	71	-0.0679922045046	87795.8108525	0.0
HepG2_NSUN2	ENCSR264TUE	76198	8811	1128	121	-0.108312655411	82529.3600639	0.0
K562_TROVE2	ENCSR092WKG	78475	9765	763	86	-0.14273331755	86550.1759271	0.0
HepG2_ACO1	ENCSR538QOG	82079	10038	837	113	0.142636452799	90226.8073675	0.0
K562_SNRNP200	ENCSR164MUK	72748	8504	2168	181	-0.485609070496	76622.4620886	0.0
HepG2_DDX55	ENCSR856ZRV	80953	9498	843	154	0.638786604135	88468.2754849	0.0
HepG2_PPIL4	ENCSR305XWT	78251	8727	775	100	0.210355176266	85236.8214899	0.0
HepG2_PABPC4	ENCSR237YZT	81270	9789	1076	131	0.0154501399783	88660.9991343	0.0
K562_EWSR1	ENCSR913CAE	73522	8891	741	67	-0.419482127374	80804.973147	0.0
HepG2_ILF3	ENCSR279HMU	79565	9224	898	121	0.216961124863	86762.7224323	0.0
K562_PUS1	ENCSR143COQ	72724	8987	3820	243	-0.958024373038	73792.2250202	0.0
K562_G3BP2	ENCSR344XID	65176	4064	1030	89	0.470673314976	67020.2265291	0.0
HepG2_HNRNPL	ENCSR042QTH	80678	9495	1180	131	-0.0842127280788	87570.0661045	0.0
HepG2_CCAR1	ENCSR135LXL	83311	10268	1136	131	-0.0959723240299	91062.1614123	0.0
HepG2_TBRG4	ENCSR246RRQ	81062	9844	1162	113	-0.32050618322	88373.9540646	0.0
K562_SRFBP1	ENCSR572FFX	69648	8326	818	76	-0.36364305785	76196.3009554	0.0
HepG2_CPSF7	ENCSR067GHD	80841	9950	733	107	0.246116335408	89118.7968971	0.0
HepG2_CPSF6	ENCSR264TUE	77781	9170	1190	118	-0.249678664707	84354.7246754	0.0
K562_ILF3	ENCSR667PLJ	70445	8421	598	63	-0.182287908896	77549.5476791	0.0
HepG2_EIF2S1	ENCSR237YZT	79766	9826	1168	139	-0.0497856969926	86997.0691396	0.0
HepG2_SART3	ENCSR279HMU	79213	9102	740	119	0.484918028249	86605.4688186	0.0
HepG2_G3BP2	ENCSR237YZT	81982	9817	951	108	-0.0764609633353	89693.2198451	0.0
K562_DNAJC21	ENCSR667PLJ	70740	8578	727	74	-0.252545190338	77724.1098078	0.0
HepG2_TROVE2	ENCSR689PHN	77196	9122	703	66	-0.331882740504	84786.8795296	0.0
HepG2_MSI2	ENCSR067GHD	80517	9840	923	99	-0.188267018664	88324.5767711	0.0
HepG2_PKM	ENCSR689PHN	77357	9185	793	101	0.101214647003	84763.2397954	0.0
HepG2_AGO1	ENCSR003EKR	79939	9077	612	71	0.0309713397233	87655.2407323	0.0
HepG2_AUH	ENCSR997HCQ	85141	10572	825	106	0.0492758503315	93860.0568996	0.0
K562_IGF2BP1	ENCSR163JUC	78574	9573	457	53	-0.0711209087774	87129.9514206	0.0
K562_TARDBP	ENCSR372DZW	79084	9181	506	69	0.232193518743	87118.7560906	0.0
K562_HNRNPM	ENCSR032YMP	70229	7760	1127	126	0.0169464583949	75503.1314108	0.0
HepG2_HNRNPA2B1	ENCSR042QTH	81508	9304	712	85	0.0646761698785	89224.996109	0.0
K562_PKM	ENCSR438MDN	77126	9467	705	83	-0.0602019531016	85024.1720105	0.0
K562_DKC1	ENCSR143COQ	77763	9485	955	81	-0.524142721387	85188.4199879	0.0
HepG2_ETF1	ENCSR997HCQ	85589	10621	1016	127	0.0105057849218	93937.5792105	0.0
HepG2_ILF2	ENCSR305XWT	79563	8834	839	85	-0.132177126381	86558.6652039	0.0
K562_EEF2	ENCSR661HEL	73327	8260	751	96	0.182424232595	79901.8073255	0.0
K562_RPS3A	ENCSR419JMU	74416	8458	995	119	0.0734894273727	80660.9781995	0.0
K562_SUB1	ENCSR815CVQ	75578	9137	570	55	-0.325284514446	83469.6299415	0.0
K562_XPO5	ENCSR164MUK	74785	8662	1263	145	-0.012752980693	80654.7573347	0.0
K562_G3BP1	ENCSR129RWD	74379	8165	720	64	-0.304482535686	80983.4713626	0.0
K562_SAFB2	ENCSR154OBA	75766	9154	672	67	-0.277151845299	83448.4506327	0.0
HepG2_MARK2	ENCSR674KEK	79979	9153	682	71	-0.136576152432	87632.366325	0.0
K562_SSRP1	ENCSR032YMP	75934	8686	892	95	-0.103062142007	82657.5173911	0.0
HepG2_HNRNPK	ENCSR237YZT	80366	9654	1778	252	0.238626860225	86005.9140862	0.0
K562_KIF1C	ENCSR143COQ	77437	9564	1810	144	-0.634511953689	83137.4747798	0.0
K562_KRR1	ENCSR424QCW	69475	7358	1092	109	-0.0854644681406	74449.7786346	0.0
K562_EIF3H	ENCSR226KWO	76923	8915	879	86	-0.244346274466	83918.8739561	0.0
HepG2_SF3A3	ENCSR691IVR	79680	9626	2621	242	-0.387829082063	83672.2993133	0.0
HepG2_UCHL5	ENCSR856ZRV	73025	8734	779	85	-0.1324125651	80040.1372714	0.0
K562_PARN	ENCSR667PLJ	69735	8515	645	81	0.0404991441356	76804.7363217	0.0
K562_SRPK2	ENCSR174OYC	77056	9379	846	100	-0.0422563803476	84553.3544696	0.0
K562_XRCC6	ENCSR815CVQ	74362	8769	1194	142	0.0122413359843	80480.4710301	0.0
K562_IGF2BP1	ENCSR129RWD	76723	8567	480	74	0.465359909713	84185.6422077	0.0
HepG2_AKAP1	ENCSR237YZT	81229	9667	1340	167	0.0665417440153	87906.9903752	0.0
K562_PABPC4	ENCSR344XID	71412	6868	702	72	0.0928023603209	76739.6556619	0.0
K562_DDX6	ENCSR913CAE	74559	9086	609	59	-0.33099006864	82314.3574459	0.0
K562_WDR43	ENCSR174OYC	76318	9218	902	128	0.232514068332	83488.4381012	0.0
K562_BUD13	ENCSR032YMP	73744	8458	917	83	-0.34160128494	80214.2173076	0.0
HepG2_UTP18	ENCSR691IVR	82806	10071	701	79	-0.109961521647	91323.5540648	0.0
K562_KHDRBS1	ENCSR667PLJ	70431	8528	688	83	-0.0052940998848	77424.5284865	0.0
HepG2_HNRNPC	ENCSR305XWT	78477	8703	1701	183	-0.043782397139	83452.7173974	0.0
K562_TRIP6	ENCSR032YMP	75811	8778	856	95	-0.0611683580966	82697.6934378	0.0
K562_FXR2	ENCSR828YEB	61382	5647	1054	91	-0.0916053941957	64758.5648425	0.0
HepG2_CCAR2	ENCSR674KEK	80611	9133	561	89	0.48569245114	88448.7714886	0.0
K562_PTBP1	ENCSR163JUC	78117	9439	648	65	-0.268551573471	86135.8229326	0.0
HepG2_IGF2BP2	ENCSR237YZT	80758	9744	1095	143	0.1141753262	88042.9457607	0.0
HepG2_NUP35	ENCSR960MSV	79868	9835	648	70	-0.188946356405	88272.7556955	0.0
K562_HNRNPAB	ENCSR419JMU	74977	8750	1024	96	-0.31594432006	81502.0385593	0.0
K562_PHF6	ENCSR572FFX	72670	8483	793	67	-0.466374425962	79442.1826644	0.0
K562_SF1	ENCSR164MUK	75682	8626	1123	177	0.467649930861	81728.2954531	0.0
HepG2_RBM25	ENCSR603TCV	80641	9656	1419	209	0.298716206105	87070.4931606	0.0
K562_CSTF2	ENCSR245BNJ	72653	8438	814	97	0.0370772363474	79279.2350835	0.0
HepG2_DDX19B	ENCSR538QOG	82097	10014	771	162	0.784574096239	90254.8614462	0.0
HepG2_AKAP8L	ENCSR538QOG	82781	10247	782	93	-0.0577679053921	91286.2313026	0.0
K562_UCHL5	ENCSR661HEL	73426	8328	845	118	0.300084553412	79839.3963665	0.0
HepG2_GRWD1	ENCSR674KEK	80732	8951	558	81	0.388748550088	88409.5897514	0.0
K562_UPF2	ENCSR438MDN	77096	9412	572	61	-0.195051214683	85246.6391982	0.0
K562_RBM34	ENCSR129RWD	75386	8422	576	55	-0.226503444326	82550.7602077	0.0
K562_RPS10	ENCSR084SCN	73042	7566	519	59	0.134175908531	79456.1478396	0.0
HepG2_NOL12	ENCSR042QTH	82297	9772	894	119	0.164800813969	90054.1607459	0.0
K562_EIF4G2	ENCSR620PUP	80624	9849	935	112	-0.0283074270418	88391.1168671	0.0
HepG2_RPS19	ENCSR689PHN	77265	9212	1196	146	0.0340516092209	83813.8270555	0.0
K562_SLBP	ENCSR667PLJ	70941	8588	728	93	0.0775897415643	77895.4778744	0.0
HepG2_SRP68	ENCSR856ZRV	81202	9511	451	62	0.231059007293	89689.9090403	0.0
K562_UTP3	ENCSR024FOF	76894	9102	865	121	0.240922453145	84035.3391507	0.0
HepG2_TFIP11	ENCSR856ZRV	78951	9239	675	111	0.490821101432	86625.1045704	0.0
HepG2_RPS10	ENCSR491FOC	80185	9068	771	91	0.0616836747925	87537.3265804	0.0
K562_MTPAP	ENCSR174OYC	76493	9336	859	94	-0.157474205164	83933.5928298	0.0
K562_DGCR8	ENCSR395HQT	76564	9568	464	34	-0.770141244754	85138.9327937	0.0
K562_PRPF8	ENCSR661HEL	70638	7759	2124	267	0.19462974565	73688.0540452	0.0
K562_LIN28B	ENCSR572FFX	72862	8587	467	49	-0.167628396104	80420.2727876	0.0
K562_CIRBP	ENCSR129RWD	75796	8384	561	64	0.0445541321263	82934.6407608	0.0
HepG2_FUS	ENCSR491FOC	81497	9302	884	87	-0.213824955491	88867.4024661	0.0
K562_CSTF2T	ENCSR815CVQ	75784	9148	581	70	-0.00274631772767	83634.9898878	0.0
K562_ESF1	ENCSR032YMP	75015	8569	762	91	0.0641278013225	81886.7067624	0.0
K562_DDX47	ENCSR031RRO	77990	9222	621	79	0.105468870309	85817.6215006	0.0
K562_PNPT1	ENCSR620PUP	81454	9961	830	98	-0.0506346235574	89568.4216945	0.0
HepG2_METAP2	ENCSR689PHN	78345	9232	1118	124	-0.087382087121	85110.6196117	0.0
K562_CCDC124	ENCSR143COQ	79490	9839	800	61	-0.69892907218	87615.4295161	0.0
HepG2_EIF2S2	ENCSR067GHD	80508	9848	770	83	-0.182445721647	88658.0640184	0.0
K562_DDX24	ENCSR913CAE	74848	8982	621	71	-0.0698471991429	82451.7135556	0.0
K562_U2AF2	ENCSR344XID	66579	5397	2622	173	-0.296986133288	66494.8045339	0.0
HepG2_CSTF2T	ENCSR003EKR	79867	8819	572	56	-0.173603871931	87434.4522065	0.0
K562_PCBP3	ENCSR341TTW	75578	8890	1161	164	0.264110765042	81838.8602547	0.0
K562_SFPQ	ENCSR164MUK	74988	9130	1270	143	-0.11276846427	81315.7485338	0.0
K562_TRNAU1AP	ENCSR341TTW	74376	8782	859	97	-0.0643857577705	81256.9923517	0.0
HepG2_RBM39	ENCSR104ABF	74622	8350	1245	149	0.0969914182284	80207.4304917	0.0
HepG2_AATF	ENCSR003EKR	79484	8787	544	61	0.0204963747176	87065.1466812	0.0
K562_SRSF7	ENCSR163JUC	77748	9411	721	94	0.107119031061	85536.6251312	0.0
K562_PPP1R8	ENCSR164MUK	75306	9138	1767	160	-0.422343761226	80634.262846	0.0
HepG2_RBM27	ENCSR674KEK	81902	9494	936	126	0.215725931121	89284.3690957	0.0
HepG2_SMN1	ENCSR305XWT	79825	8888	810	101	0.163343310936	86900.3669568	0.0
K562_LARP4	ENCSR164MUK	76534	9175	1039	117	-0.0902944792342	83412.5971058	0.0
HepG2_DDX52	ENCSR689PHN	78761	9379	671	89	0.155539889288	86626.5610939	0.0
K562_GPKOW	ENCSR424QCW	71350	7928	990	97	-0.181487310716	77118.9233164	0.0
HepG2_FASTKD1	ENCSR279HMU	78689	8849	623	72	0.0394122880113	86153.5182718	0.0
K562_SRP68	ENCSR661HEL	73449	8368	771	85	-0.0474080216928	80113.9566566	0.0
HepG2_TIAL1	ENCSR305XWT	77858	8717	1328	180	0.275755335817	83585.3681633	0.0
K562_SRSF1	ENCSR129RWD	72964	8079	2251	257	0.0442103945238	76104.6206126	0.0
K562_TIA1	ENCSR129RWD	75230	8462	741	82	-0.0235402281293	82054.0933085	0.0
HepG2_RPS5	ENCSR674KEK	81922	9511	747	101	0.219829045746	89744.8840146	0.0
K562_PTBP1	ENCSR898NWE	74892	7541	581	51	-0.197985148691	81173.8522183	0.0
HepG2_DNAJC2	ENCSR305XWT	78397	8788	743	91	0.127767912903	85524.9840185	0.0
K562_U2AF1	ENCSR344XID	67050	5690	2385	161	-0.330119898293	67737.3911065	0.0
HepG2_DKC1	ENCSR538QOG	81532	9966	931	111	-0.0359415652277	89425.8672336	0.0
K562_BOP1	ENCSR424QCW	71089	7747	1041	97	-0.225924815085	76576.4585387	0.0
HepG2_SLTM	ENCSR491FOC	80790	9174	656	90	0.27285500974	88478.2095298	0.0
HepG2_CDC40	ENCSR481WJH	70626	7372	839	60	-0.545564991102	76210.4552161	0.0
HepG2_EIF4B	ENCSR237YZT	81367	9716	1201	137	-0.065978948296	88426.6588627	0.0
K562_AGO1	ENCSR084SCN	73225	7498	572	64	0.127887220588	79456.0144798	0.0
K562_EIF2S2	ENCSR118EFE	76572	8961	741	96	0.146718064786	83867.1992371	0.0
HepG2_EFTUD2	ENCSR689PHN	78413	9276	909	99	-0.11926173231	85684.5941488	0.0
K562_ZNF800	ENCSR341TTW	75342	8946	793	90	-0.0651842918034	82531.2520255	0.0
K562_PPIL4	ENCSR419JMU	74046	8612	1039	89	-0.441244930006	80417.4988221	0.0
HepG2_RPLP0	ENCSR105NML	84926	10165	535	58	-0.142818000467	93908.7012266	0.0
K562_RBM17	ENCSR118EFE	77101	9045	884	110	0.085014318191	84169.4732403	0.0
HepG2_RPL23A	ENCSR674KEK	81626	9458	587	78	0.197607240066	89758.8645792	0.0
HepG2_XRCC6	ENCSR491FOC	81148	9275	891	99	-0.0407886502082	88453.8398363	0.0
HepG2_STIP1	ENCSR279HMU	77888	9073	749	103	0.239428128029	85265.3719563	0.0
HepG2_QKI	ENCSR603TCV	82079	9892	1197	124	-0.218332117253	89348.0108501	0.0
HepG2_BCLAF1	ENCSR856ZRV	80735	9473	693	93	0.193748221402	88642.861477	0.0
HepG2_SAFB2	ENCSR305XWT	78027	8717	830	125	0.430886575748	84844.6214696	0.0
K562_PABPC1	ENCSR419JMU	75483	8838	1103	110	-0.231497435655	81912.4867437	0.0
HepG2_TIA1	ENCSR603TCV	81065	9671	866	97	-0.0909681905377	88820.2242009	0.0
HepG2_U2AF2	ENCSR104ABF	75292	8471	2345	211	-0.322380630924	78729.2916758	0.0
K562_CNOT7	ENCSR419JMU	75431	8853	1359	156	-0.0320082964346	81281.2332751	0.0
HepG2_SERBP1	ENCSR689PHN	78055	9184	982	130	0.170085102037	85029.1945736	0.0
K562_XRN2	ENCSR661HEL	73539	8342	839	118	0.310160390162	79978.2412215	0.0
K562_PUM2	ENCSR620PUP	82004	10090	831	113	0.144242404583	90215.6865752	0.0
HepG2_RBFOX2	ENCSR104ABF	75998	8665	1013	118	0.0309143884603	82416.1095034	0.0
K562_XRCC5	ENCSR815CVQ	75890	9141	717	71	-0.282596300335	83462.325605	0.0
K562_STAU1	ENCSR032YMP	75429	8681	950	103	-0.0860970238289	82017.1869884	0.0
K562_HNRNPA1	ENCSR438MDN	76649	9306	816	110	0.150968249254	84112.9873165	0.0
HepG2_LIN28B	ENCSR674KEK	81453	9407	725	111	0.40673990771	89195.7628772	0.0
K562_STIP1	ENCSR419JMU	74982	8870	957	86	-0.39657206218	81779.0480733	0.0
K562_DDX27	ENCSR245BNJ	73839	8385	548	78	0.325870461727	80976.7925921	0.0
HepG2_RRP9	ENCSR856ZRV	78382	8900	1044	178	0.586472578511	84855.4654375	0.0
K562_PES1	ENCSR661HEL	73186	8310	653	78	0.0731103520462	80040.5585039	0.0
K562_SF3B4	ENCSR344XID	69054	6730	2798	202	-0.432922188364	69903.435203	0.0
K562_HNRNPUL1	ENCSR164MUK	76228	9269	1323	127	-0.341077240036	82621.7018609	0.0
K562_RBM3	ENCSR936VPP	77035	7910	485	47	-0.0834876179205	83884.3327489	0.0
K562_NAA15	ENCSR143COQ	72345	8551	2142	181	-0.484168618353	76317.2518574	0.0
K562_PCBP2	ENCSR129RWD	72944	7938	2045	241	0.114946055266	76374.6488248	0.0
K562_HNRNPH1	ENCSR341TTW	75287	8916	830	118	0.263607773955	82317.712005	0.0
K562_RECQL	ENCSR344XID	73067	7128	423	54	0.388024381159	79243.8579255	0.0
K562_AKAP1	ENCSR913CAE	74303	8950	647	51	-0.611735686441	81862.9244247	0.0
HepG2_UTP3	ENCSR691IVR	80845	9622	1091	125	-0.0549012557268	88051.3468836	0.0
HepG2_DDX21	ENCSR105NML	84556	10105	471	69	0.293779015756	93584.0947515	0.0
HepG2_SSRP1	ENCSR246RRQ	82212	10008	734	114	0.351449057655	90531.8518137	0.0
K562_DHX30	ENCSR667PLJ	70335	8586	690	85	0.0131230863537	77378.61052	0.0
K562_WRN	ENCSR718EWL	80205	9787	613	61	-0.294252353408	88649.0653051	0.0
K562_HNRNPC	ENCSR771ZZL	68905	5835	1015	111	0.368955967214	72505.0629505	0.0
HepG2_DDX28	ENCSR856ZRV	80241	9302	504	78	0.416849035974	88382.8197163	0.0
HepG2_FXR1	ENCSR237YZT	81706	9883	987	96	-0.314522694302	89435.8553679	0.0
HepG2_DAZAP1	ENCSR003EKR	81332	9509	391	47	0.040021610119	89967.1120215	0.0
K562_YBX3	ENCSR667PLJ	70946	8517	543	80	0.295423798307	78221.907402	0.0
K562_EIF3G	ENCSR084SCN	72494	7628	941	117	0.240798652827	78020.0091145	0.0
K562_FXR2	ENCSR913CAE	75907	9124	321	28	-0.462579982443	84334.443391	0.0
HepG2_DHX30	ENCSR305XWT	77706	8496	748	60	-0.44683353618	84593.6239965	0.0
K562_CEBPZ	ENCSR163JUC	78695	9533	472	39	-0.551971057077	87208.9905314	0.0
K562_FUBP3	ENCSR913CAE	74118	8818	729	64	-0.438474434184	81357.634706	0.0
K562_BCCIP	ENCSR245BNJ	75174	8619	612	87	0.310197025969	82400.860537	0.0
K562_GTF2F1	ENCSR815CVQ	75576	9024	583	57	-0.288372868578	83324.8573539	0.0
HepG2_RTF1	ENCSR491FOC	81052	8915	599	66	0.00252300903474	88641.9154148	0.0
HepG2_NCBP2	ENCSR237YZT	7439	882	114	13	-0.0561921592423	8068.93861898	0.0
HepG2_DDX24	ENCSR003EKR	79825	8965	643	76	0.0737177457047	87357.8237259	0.0
K562_DDX47	ENCSR898NWE	74760	7465	452	78	0.789275660058	81168.5478016	0.0
HepG2_CALR	ENCSR364GRM	78259	8923	745	72	-0.238515683447	85555.6731261	0.0
K562_AQR	ENCSR718EWL	73736	9078	4906	338	-0.837529319833	72665.0037729	0.0
K562_UPF1	ENCSR174OYC	77306	9440	865	106	0.00508575864754	84814.8689984	0.0
K562_IGF2BP3	ENCSR129RWD	75931	8440	441	53	0.112659713335	83385.8941058	0.0
K562_CELF1	ENCSR081EST	67965	5651	925	172	1.16116909657	71439.8243799	0.0
K562_DDX28	ENCSR661HEL	73810	8340	542	83	0.438587391386	80904.8060219	0.0
K562_HSPD1	ENCSR032YMP	75929	8752	975	114	0.0205979699995	82517.0048377	0.0
HepG2_U2AF2	ENCSR491FOC	79591	9052	2518	273	-0.0690086137559	83148.8947476	0.0
HepG2_RBM47	ENCSR279HMU	79473	9107	665	104	0.448646203801	87048.7521263	0.0
HepG2_LARP4	ENCSR135LXL	83293	10220	1133	133	-0.0638496509756	90998.1425492	0.0
K562_EIF4G1	ENCSR667PLJ	70874	8568	600	73	0.00923195760901	78101.7014022	0.0
K562_AGO3	ENCSR898NWE	71951	6955	708	72	0.0732117696611	77353.7121043	0.0
HepG2_RBM5	ENCSR481WJH	55574	5093	761	50	-0.480073992483	59055.9115881	0.0
HepG2_SSB	ENCSR997HCQ	82779	9953	1090	148	0.175402417729	90272.5534175	0.0
K562_IGF2BP2	ENCSR129RWD	75027	8431	848	95	-0.00443063820524	81582.6550572	0.0
K562_PRPF6	ENCSR815CVQ	75536	8918	706	77	-0.114365549286	82895.2634901	0.0
HepG2_RPS2	ENCSR674KEK	81678	9433	901	136	0.386238512868	89048.8998171	0.0
HepG2_UPF1	ENCSR691IVR	81919	10093	835	100	-0.0409331520488	90151.501937	0.0
HepG2_HNRNPA0	ENCSR279HMU	78269	9043	702	107	0.399707409762	85701.562348	0.0
K562_PABPN1	ENCSR164MUK	71971	8724	2253	183	-0.577577731046	75897.3672531	0.0
HepG2_ZC3H8	ENCSR584UYK	79939	9427	932	140	0.349125764512	87234.9452198	0.0
HepG2_PRPF8	ENCSR856ZRV	79158	9126	917	107	0.0173696657328	86247.8774662	0.0
HepG2_SRSF7	ENCSR105NML	83956	10121	814	79	-0.312822645378	92299.5088203	0.0
K562_SUCLG1	ENCSR620PUP	80349	9820	724	94	0.0872281035962	88540.4235365	0.0
HepG2_IGF2BP1	ENCSR105NML	84006	9984	466	57	0.0415064040547	92946.9104265	0.0
HepG2_RBM17	ENCSR104ABF	75899	8623	1485	133	-0.343145687629	81317.1061049	0.0
K562_DGCR8	ENCSR599PZD	77962	9744	348	27	-0.68787093076	86957.6281874	0.0
HepG2_YBX3	ENCSR305XWT	78589	8729	607	68	0.0123492371251	85973.2180309	0.0
K562_GRSF1	ENCSR118EFE	77068	9072	971	125	0.129096205761	83961.9562168	0.0
HepG2_NUFIP2	ENCSR104ABF	76251	8661	1247	130	-0.123727192179	82180.344569	0.0
K562_DDX1	ENCSR667PLJ	70642	8565	599	70	-0.0531281384521	77874.6512413	0.0
K562_FUS	ENCSR084SCN	71869	7185	594	68	0.195453270899	77735.5529954	0.0
HepG2_SUCLG1	ENCSR042QTH	83552	9835	973	114	-0.00672857546942	91225.6524186	0.0
HepG2_RPS3A	ENCSR279HMU	78972	9101	1193	186	0.436024731483	85336.8235383	0.0
HepG2_PRPF4	ENCSR584UYK	79911	9361	944	110	-0.00762378828695	87176.4442031	0.0
K562_HLTF	ENCSR815CVQ	74957	9032	706	65	-0.38821073822	82454.117407	0.0
HepG2_ZNF622	ENCSR691IVR	81068	9881	1154	132	-0.0916297992962	88395.1905319	0.0
HepG2_SRSF1	ENCSR603TCV	79886	9223	2179	263	0.0641031986013	84291.9348282	0.0
HepG2_UBE2L3	ENCSR042QTH	82685	9718	1141	174	0.375754713826	89791.8605245	0.0
K562_MSI2	ENCSR620PUP	81258	9897	928	97	-0.220621480668	89116.5488363	0.0
K562_EXOSC5	ENCSR341TTW	74819	9006	744	77	-0.217925969657	82191.0566735	0.0
K562_AKAP8L	ENCSR143COQ	75691	9500	1950	168	-0.542818636928	81008.2080958	0.0
HepG2_HNRNPLL	ENCSR264TUE	77654	9097	1242	130	-0.162484162914	84028.7223341	0.0
K562_POLR2G	ENCSR942UNX	71549	7373	472	75	0.62478358241	77831.876645	0.0
K562_ZRANB2	ENCSR815CVQ	75144	8961	670	78	-0.034688795655	82615.6528056	0.0
HepG2_NOLC1	ENCSR521WAI	76723	8295	755	107	0.390479399188	83302.8098786	0.0
HepG2_NIP7	ENCSR674KEK	80425	9266	702	123	0.604812728429	88048.760241	0.0
HepG2_MTPAP	ENCSR264TUE	79151	9364	1053	107	-0.219411996586	86210.2314419	0.0
HepG2_ASCC1	ENCSR237YZT	81007	9878	925	99	-0.188197229194	88848.5545637	0.0
K562_PCBP1	ENCSR129RWD	75073	8197	776	155	0.871337795914	81418.9521564	0.0
HepG2_PARN	ENCSR305XWT	79286	8766	753	76	-0.131502982019	86401.8103485	0.0
HepG2_PUF60	ENCSR042QTH	80014	9676	2936	231	-0.620117436314	83469.2471257	0.0
K562_IGF2BP3	ENCSR771ZZL	69105	5874	615	71	0.441679447166	73613.3313816	0.0
K562_POLR2G	ENCSR341TTW	75786	8825	500	69	0.24500335158	83476.8382524	0.0
K562_ADAR	ENCSR667PLJ	70035	8574	683	69	-0.277181544478	77112.2160816	0.0
K562_NPM1	ENCSR164MUK	76506	9231	1029	83	-0.580973789132	83527.586263	0.0
K562_YTHDC2	ENCSR164MUK	75005	8697	1731	145	-0.469083886513	79992.366317	0.0
HepG2_EWSR1	ENCSR538QOG	81823	9882	1227	255	0.783065376197	88765.9799722	0.0
HepG2_IGF2BP3	ENCSR237YZT	80853	9600	1344	162	0.0217275741487	87466.0747392	0.0
HepG2_EIF3H	ENCSR853AOV	80527	9693	795	78	-0.294951400356	88482.4762792	0.0
HepG2_GNB2L1	ENCSR674KEK	81651	9439	759	115	0.390298601727	89350.4565084	0.0
K562_RBM39	ENCSR164MUK	74217	8968	2698	218	-0.58059880584	77456.379295	0.0
HepG2_KRR1	ENCSR246RRQ	82070	10043	964	83	-0.507185240658	90031.0091623	0.0
K562_KHSRP	ENCSR129RWD	75459	8349	756	63	-0.408944833876	82178.0495126	0.0
K562_CCAR1	ENCSR667PLJ	68921	8463	889	94	-0.215748194605	75430.5111307	0.0
K562_RBM22	ENCSR129RWD	74597	8341	893	80	-0.319762921576	81003.4573889	0.0
HepG2_AKAP8	ENCSR246RRQ	81540	10002	790	91	-0.0906947561974	89788.4818466	0.0
K562_HNRNPA2B1	ENCSR164MUK	73713	8818	2214	218	-0.280859489098	77738.8878231	0.0
K562_DAZAP1	ENCSR815CVQ	75415	8821	811	72	-0.397795722018	82479.3090436	0.0
K562_RBM15	ENCSR143COQ	74170	9197	2422	208	-0.529942908066	78190.7938555	0.0
K562_TUFM	ENCSR620PUP	76473	9135	753	105	0.223213300471	83900.6213958	0.0
K562_TIAL1	ENCSR572FFX	71529	8404	813	75	-0.348912646409	78166.9098979	0.0
HepG2_IGF2BP1	ENCSR491FOC	82515	9510	415	53	0.148092085835	91091.3825696	0.0
K562_NSUN2	ENCSR174OYC	76929	9431	995	114	-0.097617804223	84156.2473428	0.0
K562_SRSF7	ENCSR129RWD	76034	8521	723	82	0.0172502020682	82952.6640468	0.0
K562_AARS	ENCSR572FFX	71590	8186	764	74	-0.239447954604	78108.8222645	0.0
K562_NELFE	ENCSR129RWD	75678	8411	742	70	-0.236467638277	82472.857657	0.0
K562_DDX21	ENCSR129RWD	76827	8573	462	65	0.334360142387	84349.2710683	0.0
HepG2_EIF4G2	ENCSR042QTH	81653	9598	830	90	-0.11641425548	89420.2808479	0.0
HepG2_SNRNP200	ENCSR104ABF	75206	8554	1300	124	-0.253922943898	80936.2691329	0.0
HepG2_XRCC5	ENCSR491FOC	80154	8696	713	81	0.0664424092986	87269.0968882	0.0
K562_DGCR8	ENCSR619GAS	79288	9745	508	57	-0.131426228302	87906.5881692	0.0
