IL	75.6	78.4	81.1	83.2	84.8	86.4	88.1	90.1	92.7	100.0
151	0.08651788443900947	0.08131868131868132	0.062456627342123525	0.05130293159609121	0.046280276816609	0.02829313543599258	0.030996661897949453	0.026695141484249868	0.02322946175637394	0.011838006230529595
343	0.08886107634543179	0.07755581668625147	0.050319488817891375	0.044668008048289735	0.03495966192854399	0.04	0.02830587241233629	0.020784128483703354	0.020702936928261917	0.017866004962779156
624	0.10561976883220406	0.08707326428845416	0.059030492572322124	0.05722178374112076	0.04014900662251655	0.038478166882836146	0.02099400171379606	0.01997276441216523	0.022115384615384617	0.012315270935960592
986	0.10865421273351125	0.07814992025518341	0.0530938123752495	0.04360228198859006	0.04010238907849829	0.03492723492723493	0.02877070619006103	0.023725834797891036	0.0196078431372549	0.020222446916076844
1465	0.09780356402818069	0.07606907894736842	0.06584197924980048	0.04534109816971714	0.04334891627709307	0.040016849199663015	0.027230833682446585	0.03616484440706476	0.023618538324420676	0.02050548402479733
2138	0.07958023611718408	0.07194244604316546	0.06476105404198303	0.0434412265758092	0.042483660130718956	0.028314028314028315	0.033319788703778955	0.021048287247214196	0.018410041841004185	0.02383888203863543
3194	0.08022652194431336	0.07201152184349496	0.05370843989769821	0.0458593054318789	0.034482758620689655	0.028967254408060455	0.020842017507294707	0.021748050882232254	0.023661753297129558	0.01528140141632501
5236	0.09366130558183539	0.09068746952705997	0.05787037037037037	0.03728529534981148	0.03650586701434159	0.03189341945902301	0.0211882010801828	0.016109544905356425	0.015891472868217054	0.018223234624145785
11161	0.09880899867666519	0.0871313672922252	0.0802675585284281	0.05089951733216323	0.04088888888888889	0.03317933641327173	0.029626449119793903	0.031212484993997598	0.013152804642166345	0.01644859813084112
1240121	0.08925318761384335	0.06496519721577726	0.03253796095444685	0.028347996089931573	0.03816793893129771	0.024615384615384615	0.020016012810248198	0.02402506963788301	0.015732546705998034	0.020624631703005304
