IL	75.6	78.4	81.1	83.2	84.8	86.4	88.1	90.1	92.7	100.0
151	3271	3185	2882	2456	2312	2156	2097	1873	1765	1605
343	2397	2553	2504	2485	2603	2475	2367	2117	2077	2015
624	2509	2607	2558	2534	2416	2313	2334	2203	2080	2030
986	2623	2508	2505	2454	2344	2405	2294	2276	2193	1978
1465	2413	2432	2506	2404	2353	2374	2387	2378	2244	2097
2138	2287	2224	2239	2348	2448	2331	2461	2423	2390	2433
3194	2119	2083	2346	2246	2320	2382	2399	2437	2578	2683
5236	2114	2051	2160	2387	2301	2477	2407	2483	2580	2634
11161	2267	2238	2093	2279	2250	2381	2329	2499	2585	2675
1240121	1647	1724	1844	2046	2227	2275	2498	2872	3051	3394
