IL	70.8	74.1	76.3	78.1	79.7	81.3	82.9	84.8	87.3	100.0
161	0.1095890410958904	0.0934351145038168	0.07834757834757834	0.06589456869009584	0.039532794249775384	0.035046728971962614	0.03263640999490056	0.03093864708966964	0.022478070175438597	0.023676880222841225
363	0.10998415213946117	0.11217641418983701	0.06401137980085349	0.050532964863797866	0.049066435084672164	0.04904862579281184	0.027403846153846154	0.03504442250740375	0.026404494382022473	0.024199288256227757
651	0.12131367292225201	0.09449929478138223	0.057735849056603776	0.05630630630630631	0.04006608839322594	0.04413731609451627	0.04180213655364608	0.033856722276741906	0.03219315895372234	0.022967101179391682
1037	0.08853575482406356	0.0921798262183604	0.07541362062331666	0.04735812133072407	0.035386631716906945	0.033419023136246784	0.034213945430922474	0.028660994178235557	0.025974025974025976	0.02641310089804543
1562	0.0989413680781759	0.0688659793814433	0.06298888431453273	0.044511668107173726	0.043652382859431314	0.02972856527358897	0.02981366459627329	0.025491015461763477	0.030496131087847066	0.0225140712945591
2322	0.0710085933966531	0.07733333333333334	0.06042031523642732	0.05380794701986755	0.04022015241320914	0.03134020618556701	0.019311502938706968	0.020874359984245767	0.029869583508624318	0.018431204457779682
3556	0.07703349282296651	0.05616302186878728	0.053406998158379376	0.04573170731707317	0.02597938144329897	0.04077513120710537	0.032715806070161606	0.026090501426824297	0.019960861056751468	0.019968676585747847
6043	0.07894736842105263	0.03983656792645557	0.04394012554321584	0.04054669703872437	0.02476654486398701	0.020466639377814164	0.025709900230237913	0.02442868400315209	0.024390243902439025	0.015146299483648882
13618	0.06302250803858521	0.0508574807806032	0.04479114242576749	0.029217719132893498	0.014792899408284023	0.02064409578860446	0.017517136329017517	0.015378700499807767	0.02050034746351633	0.022262334536702767
1552226	0.038818565400843885	0.027739251040221916	0.026845637583892617	0.018746916625555006	0.017985611510791366	0.024076380240763803	0.014877362283876157	0.01738821859474805	0.012330456226880395	0.011406844106463879
