IL	70.8	74.1	76.3	78.1	79.7	81.3	82.9	84.8	87.3	100.0
161	3504	3275	2808	2504	2226	2140	1961	1907	1824	1436
363	3155	3129	2812	2533	2303	2365	2080	2026	1780	1405
651	2984	2836	2650	2664	2421	2243	2153	2038	1988	1611
1037	2643	2647	2599	2555	2289	2334	2309	2233	2079	1893
1562	2456	2425	2429	2314	2497	2321	2415	2393	2197	2132
2322	2211	2250	2284	2416	2362	2425	2382	2539	2377	2333
3556	2090	2012	2172	2296	2425	2477	2537	2453	2555	2554
6043	1786	1958	2071	2195	2463	2443	2606	2538	2624	2905
13618	1555	1691	1987	2122	2366	2422	2626	2601	2878	3324
1552226	1185	1442	1788	2027	2224	2409	2487	2818	3244	3945
